# Order Pixel Wavelength(vac)
0 441 3718.2284 
0 479 3719.2638 
0 524 3720.4925 
0 560 3721.4840 
0 590 3722.2735 
0 613 3722.8839 
0 715 3725.5749 
0 817 3728.2127 
0 835 3728.6720 
0 846 3728.9628 
0 902 3730.3687 
0 944 3731.4290 
0 1051 3734.0468 
0 1079 3734.7340 
0 1156 3736.5501 
0 1242 3738.5750 
0 1258 3738.9516 
0 1404 3742.2465 
0 1482 3743.9873 
0 1609 3746.7237 
0 1624 3747.0353 
0 1636 3747.2919 
0 1646 3747.5119 
0 1669 3747.9781 
0 1774 3750.1498 
0 1843 3751.5461 
0 1870 3752.0879 
0 1948 3753.6354 
0 1983 3754.3087 
0 1997 3754.5840 
0 2025 3755.1162 
1 119 3738.9516 
1 291 3743.9873 
1 415 3747.5119 
1 562 3751.5461 
1 582 3752.0879 
1 639 3753.6354 
1 665 3754.3087 
1 675 3754.5840 
1 695 3755.1162 
1 740 3756.2792 
1 782 3757.3615 
1 836 3758.7619 
1 866 3759.5350 
1 899 3760.5024 
1 1045 3764.0025 
1 1069 3764.5735 
1 1143 3766.3396 
1 1178 3767.1883 
1 1327 3770.6630 
1 1348 3771.1269 
1 1368 3771.5906 
1 1406 3772.4420 
1 1417 3772.6864 
1 1463 3773.7215 
1 1549 3775.5940 
1 1630 3777.3437 
1 1690 3778.6040 
1 1851 3781.9133 
1 1877 3782.3928 
2 18 3766.3396 
2 46 3767.1883 
2 193 3771.5906 
2 222 3772.4420 
2 392 3777.3437 
2 556 3781.9133 
2 575 3782.3928 
2 734 3786.6752 
2 764 3787.4583 
2 872 3790.2438 
2 936 3791.8711 
2 965 3792.5943 
2 999 3793.4509 
2 1014 3793.8067 
2 1058 3794.8931 
2 1094 3795.7757 
2 1122 3796.4633 
2 1173 3797.6711 
2 1198 3798.2643 
2 1291 3800.4598 
2 1327 3801.2767 
2 1381 3802.5223 
2 1425 3803.5002 
2 1444 3803.9440 
2 1458 3804.2517 
2 1494 3805.0638 
2 1527 3805.7786 
2 1555 3806.3943 
2 1646 3808.3532 
2 1674 3808.9552 
2 1708 3809.6556 
2 1749 3810.5371 
2 1825 3812.0769 
2 1894 3813.4793 
2 1928 3814.1497 
2 1965 3814.8974 
3 31 3797.6711 
3 123 3800.4598 
3 250 3804.2517 
3 439 3809.6556 
3 470 3810.5371 
3 526 3812.0769 
3 576 3813.4793 
3 601 3814.1497 
3 629 3814.8974 
3 694 3816.6487 
3 766 3818.5816 
3 812 3819.7691 
3 825 3820.0988 
3 894 3821.8768 
3 919 3822.5150 
3 948 3823.2302 
3 970 3823.7947 
3 984 3824.1523 
3 1000 3824.5426 
3 1043 3825.6169 
3 1067 3826.2184 
3 1089 3826.7578 
3 1118 3827.4543 
3 1136 3827.8925 
3 1202 3829.4707 
3 1273 3831.1471 
3 1292 3831.6077 
3 1303 3831.8603 
3 1341 3832.7268 
3 1474 3835.7670 
3 1521 3836.7991 
3 1532 3837.0473 
3 1560 3837.6733 
3 1620 3838.9638 
3 1637 3839.3280 
3 1691 3840.5117 
3 1705 3840.7842 
3 1740 3841.5192 
3 1758 3841.8898 
3 1792 3842.6083 
3 1814 3843.0498 
3 1860 3843.9866 
3 1951 3845.8211 
3 1969 3846.1828 
3 1985 3846.4956 
4 42 3829.4707 
4 121 3831.8603 
4 252 3835.7670 
4 317 3837.6733 
4 362 3838.9638 
4 426 3840.7842 
4 465 3841.8898 
4 490 3842.6083 
4 506 3843.0498 
4 540 3843.9866 
4 606 3845.8211 
4 620 3846.1828 
4 631 3846.4956 
4 676 3847.7175 
4 686 3847.9785 
4 713 3848.7109 
4 800 3851.0030 
4 825 3851.6728 
4 848 3852.2504 
4 885 3853.2275 
4 951 3854.9204 
4 979 3855.6037 
4 995 3856.1584 
4 1005 3856.2535 
4 1044 3857.2309 
4 1063 3857.7176 
4 1132 3859.4524 
4 1157 3860.0237 
4 1195 3860.9339 
4 1259 3862.4471 
4 1304 3863.5167 
4 1314 3863.7530 
4 1346 3864.5011 
4 1409 3865.9337 
4 1500 3868.0053 
4 1573 3869.6248 
4 1625 3870.7602 
4 1741 3873.2337 
4 1758 3873.6025 
4 1768 3873.8198 
4 1789 3874.2456 
4 1805 3874.5718 
4 1822 3874.9203 
4 1842 3875.3418 
4 1872 3875.9601 
4 1892 3876.3625 
4 1911 3876.7445 
4 2002 3878.5618 
5 315 3869.6248 
5 354 3870.7602 
5 440 3873.2337 
5 461 3873.8198 
5 476 3874.2456 
5 487 3874.5718 
5 500 3874.9203 
5 515 3875.3418 
5 537 3875.9601 
5 551 3876.3625 
5 565 3876.7445 
5 631 3878.5618 
5 675 3879.7611 
5 698 3880.3681 
5 711 3880.7435 
5 737 3881.4321 
5 806 3883.2430 
5 867 3884.8689 
5 908 3885.9199 
5 918 3886.1683 
5 931 3886.5048 
5 964 3887.3575 
5 990 3888.0172 
5 1110 3891.0081 
5 1171 3892.5037 
5 1185 3892.8285 
5 1195 3893.0815 
5 1225 3893.8120 
5 1265 3894.7550 
5 1307 3895.7635 
5 1339 3896.5227 
5 1442 3898.8817 
5 1459 3899.2890 
5 1471 3899.5417 
5 1486 3899.8996 
5 1497 3900.1354 
5 1568 3901.7301 
5 1580 3901.9834 
5 1615 3902.7672 
5 1639 3903.2761 
5 1682 3904.2079 
5 1700 3904.5869 
5 1780 3906.2926 
5 1875 3908.2668 
5 1893 3908.6498 
5 1953 3909.8561 
5 1972 3910.2462 
6 15 3893.0815 
6 102 3895.7635 
6 126 3896.5227 
6 227 3899.5417 
6 300 3901.7301 
6 335 3902.7672 
6 385 3904.2079 
6 541 3908.6498 
6 584 3909.8561 
6 598 3910.2462 
6 665 3912.0852 
6 687 3912.6838 
6 699 3913.0168 
6 721 3913.5988 
6 743 3914.1900 
6 771 3914.9734 
6 783 3915.2717 
6 805 3915.8761 
6 846 3916.9577 
6 868 3917.5265 
6 901 3918.3785 
6 920 3918.8764 
6 932 3919.1795 
6 949 3919.6068 
6 969 3920.1331 
6 979 3920.3851 
6 1007 3921.1675 
6 1025 3921.6601 
6 1065 3922.5636 
6 1078 3922.8903 
6 1108 3923.6390 
6 1150 3924.6670 
6 1160 3924.9104 
6 1185 3925.5152 
6 1213 3926.2046 
6 1239 3926.8302 
6 1252 3927.1568 
6 1286 3927.9746 
6 1299 3928.2880 
6 1310 3928.5335 
6 1326 3928.9182 
6 1361 3929.7350 
6 1371 3929.9768 
6 1390 3930.4027 
6 1406 3930.7817 
6 1474 3932.3483 
6 1518 3933.3395 
6 1532 3933.6597 
6 1548 3934.0245 
6 1561 3934.1487 
6 1596 3935.1737 
6 1655 3936.3890 
6 1702 3937.4103 
6 1737 3938.1549 
6 1778 3939.0383 
6 1811 3939.7291 
6 1837 3940.4337 
6 1912 3941.8223 
6 1979 3943.1889 
6 1993 3943.4738 
6 2003 3943.4738 
6 2021 3944.0240 
7 17 3926.2046 
7 37 3926.8302 
7 48 3927.1568 
7 131 3929.7350 
7 165 3930.7817 
7 217 3932.3483 
7 261 3933.6597 
7 273 3934.0245 
7 284 3934.1487 
7 353 3936.3890 
7 468 3939.7291 
7 487 3940.4337 
7 591 3943.1889 
7 608 3943.4738 
7 621 3944.0240 
7 646 3944.7216 
7 670 3945.3876 
7 715 3946.6237 
7 737 3947.2138 
7 748 3947.5089 
7 776 3948.4479 
7 789 3948.6220 
7 809 3949.1477 
7 845 3950.0970 
7 898 3951.5131 
7 914 3951.9229 
7 942 3952.6330 
7 989 3953.8466 
7 1085 3956.2890 
7 1114 3957.0095 
7 1146 3957.8103 
7 1215 3959.4991 
7 1237 3960.0489 
7 1253 3960.4202 
7 1293 3961.3897 
7 1347 3962.6239 
7 1374 3963.3186 
7 1384 3963.5406 
7 1429 3964.5900 
7 1453 3965.1517 
7 1466 3965.4508 
7 1484 3965.8599 
7 1516 3966.6049 
7 1554 3967.4559 
7 1601 3968.5145 
7 1645 3969.4816 
7 1674 3970.1254 
7 1705 3970.7869 
7 1844 3973.7632 
7 1871 3974.3197 
7 1895 3974.8156 
7 1932 3975.6007 
7 1946 3975.8826 
7 1981 3976.5918 
7 1999 3976.9557 
7 2028 3977.5395 
8 7 3959.4991 
8 36 3960.4202 
8 137 3963.5406 
8 301 3968.5145 
8 334 3969.4816 
8 378 3970.7869 
8 480 3973.7632 
8 500 3974.3197 
8 517 3974.8156 
8 545 3975.6007 
8 555 3975.8826 
8 579 3976.5918 
8 593 3976.9557 
8 613 3977.5395 
8 709 3980.1686 
8 720 3980.4810 
8 747 3981.2152 
8 772 3981.8808 
8 784 3982.2323 
8 811 3982.9542 
8 822 3983.2282 
8 836 3983.7334 
8 851 3984.0219 
8 897 3985.2221 
8 927 3986.0064 
8 993 3987.7322 
8 1017 3988.3467 
8 1030 3988.6817 
8 1042 3988.9950 
8 1053 3989.2852 
8 1071 3989.7275 
8 1081 3989.9735 
8 1146 3991.6204 
8 1162 3992.0214 
8 1196 3992.8595 
8 1209 3993.1820 
8 1219 3993.4015 
8 1312 3995.6787 
8 1322 3995.9212 
8 1376 3997.1915 
8 1402 3997.7997 
8 1416 3998.1470 
8 1430 3998.4782 
8 1461 3999.1916 
8 1490 3999.8639 
8 1500 4000.0832 
8 1513 4000.3826 
8 1558 4001.4120 
8 1578 4001.8801 
8 1592 4002.1892 
8 1630 4003.0248 
8 1651 4003.5079 
8 1684 4004.2373 
8 1694 4004.4403 
8 1706 4004.7058 
8 1776 4006.2250 
8 1788 4006.4944 
8 1816 4007.0939 
8 1836 4007.5131 
8 1867 4008.1515 
8 1896 4008.7650 
8 1924 4009.3432 
8 1965 4010.1905 
8 2002 4010.9528 
9 78 3995.9212 
9 222 4000.3826 
9 257 4001.4120 
9 282 4002.1892 
9 310 4003.0248 
9 325 4003.5079 
9 366 4004.7058 
9 427 4006.4944 
9 448 4007.0939 
9 462 4007.5131 
9 484 4008.1515 
9 526 4009.3432 
9 555 4010.1905 
9 581 4010.9528 
9 631 4012.3423 
9 650 4012.8738 
9 667 4013.3257 
9 677 4013.6292 
9 727 4014.9907 
9 758 4015.8511 
9 804 4017.2480 
9 884 4019.2346 
9 923 4020.2647 
9 936 4020.6034 
9 950 4020.9796 
9 970 4021.4903 
9 1000 4022.2861 
9 1023 4022.8871 
9 1036 4023.2040 
9 1085 4024.4747 
9 1143 4025.9398 
9 1177 4026.7931 
9 1197 4027.2704 
9 1232 4028.1470 
9 1254 4028.6845 
9 1312 4030.0980 
9 1327 4030.4606 
9 1348 4030.9642 
9 1391 4031.9813 
9 1401 4032.2106 
9 1413 4032.5161 
9 1452 4033.5925 
9 1465 4033.7345 
9 1518 4034.9488 
9 1590 4036.5997 
9 1616 4037.1880 
9 1639 4037.7056 
9 1684 4038.7021 
9 1714 4039.3695 
9 1740 4039.9450 
9 1789 4041.0061 
9 1852 4042.3452 
9 1898 4043.3320 
9 1932 4044.0356 
9 1956 4044.5369 
9 2006 4045.5610 
9 2031 4046.0695 
10 86 4030.9642 
10 119 4031.9813 
10 136 4032.5161 
10 175 4033.7345 
10 214 4034.9488 
10 268 4036.5997 
10 288 4037.1880 
10 305 4037.7056 
10 338 4038.7021 
10 360 4039.3695 
10 380 4039.9450 
10 416 4041.0061 
10 461 4042.3452 
10 495 4043.3320 
10 519 4044.0356 
10 537 4044.5369 
10 572 4045.5610 
10 590 4046.0695 
10 601 4046.3695 
10 617 4046.8198 
10 627 4047.1084 
10 637 4047.3951 
10 657 4047.9678 
10 681 4048.6237 
10 710 4049.4311 
10 755 4050.6799 
10 770 4051.0886 
10 813 4052.2660 
10 827 4052.6434 
10 880 4054.0654 
10 903 4054.6850 
10 940 4055.6716 
10 997 4057.1533 
10 1021 4057.7817 
10 1061 4058.8180 
10 1071 4059.0872 
10 1110 4060.0827 
10 1123 4060.3992 
10 1217 4062.7724 
10 1289 4064.5546 
10 1327 4065.4792 
10 1360 4066.2594 
10 1381 4066.7667 
10 1415 4067.5834 
10 1431 4067.9703 
10 1458 4068.5993 
10 1476 4069.0246 
10 1502 4069.6191 
10 1512 4069.8539 
10 1533 4070.3504 
10 1544 4070.6103 
10 1578 4071.3875 
10 1602 4071.9415 
10 1645 4072.9009 
10 1656 4073.1527 
10 1673 4073.5342 
10 1697 4074.0590 
10 1740 4075.0064 
10 1815 4076.6536 
10 1834 4077.0577 
10 1867 4077.7792 
10 1882 4078.0943 
10 1914 4078.7736 
10 1947 4079.4529 
10 1974 4080.0266 
10 2008 4080.7252 
11 29 4064.5546 
11 58 4065.4792 
11 83 4066.2594 
11 157 4068.5993 
11 222 4070.6103 
11 249 4071.3875 
11 265 4071.9415 
11 305 4073.1527 
11 318 4073.5342 
11 366 4075.0064 
11 422 4076.6536 
11 435 4077.0577 
11 460 4077.7792 
11 471 4078.0943 
11 517 4079.4529 
11 537 4080.0266 
11 561 4080.7252 
11 588 4081.5099 
11 598 4081.8543 
11 624 4082.5199 
11 660 4083.5393 
11 698 4084.6215 
11 720 4085.2421 
11 755 4086.1953 
11 769 4086.5873 
11 782 4086.9689 
11 808 4087.6740 
11 836 4088.4385 
11 890 4089.8805 
11 905 4090.2921 
11 976 4092.1831 
11 988 4092.5019 
11 1003 4092.8916 
11 1013 4093.1428 
11 1067 4094.5474 
11 1077 4094.8267 
11 1119 4095.9026 
11 1137 4096.3529 
11 1172 4097.2320 
11 1182 4097.4880 
11 1214 4098.2915 
11 1238 4098.9037 
11 1278 4099.8882 
11 1307 4100.6124 
11 1329 4101.1506 
11 1343 4101.4984 
11 1367 4102.0764 
11 1425 4103.4528 
11 1438 4103.7755 
11 1493 4105.0700 
11 1513 4105.5403 
11 1532 4105.9969 
11 1542 4106.2216 
11 1628 4108.2095 
11 1639 4108.4453 
11 1664 4109.0205 
11 1689 4109.5791 
11 1729 4110.4829 
11 1783 4111.6740 
11 1798 4111.9858 
11 1834 4112.7756 
11 1857 4113.2655 
11 1870 4113.3618 
11 1887 4113.9148 
11 1940 4115.0350 
11 1969 4115.6506 
11 2030 4116.9200 
12 31 4100.6124 
12 58 4101.4984 
12 76 4102.0764 
12 130 4103.7755 
12 171 4105.0700 
12 201 4105.9969 
12 272 4108.2095 
12 299 4109.0205 
12 317 4109.5791 
12 346 4110.4829 
12 396 4111.9858 
12 449 4113.3618 
12 462 4113.9148 
12 499 4115.0350 
12 520 4115.6506 
12 564 4116.9200 
12 585 4117.5370 
12 597 4117.8751 
12 659 4119.6512 
12 809 4123.8613 
12 842 4124.7641 
12 858 4125.2037 
12 885 4125.9421 
12 944 4127.5137 
12 983 4128.5762 
12 1008 4129.2143 
12 1030 4129.8045 
12 1046 4130.2378 
12 1070 4130.8469 
12 1121 4132.1673 
12 1148 4132.8886 
12 1189 4133.9190 
12 1241 4135.2339 
12 1252 4135.4896 
12 1298 4136.6463 
12 1331 4137.4520 
12 1403 4139.2076 
12 1438 4140.0573 
12 1494 4141.4026 
12 1558 4142.8853 
12 1590 4143.6423 
12 1600 4143.8692 
12 1615 4144.2140 
12 1628 4144.5068 
12 1641 4144.8176 
12 1667 4145.4140 
12 1682 4145.7446 
12 1703 4146.2172 
12 1714 4146.4656 
12 1808 4148.5470 
12 1844 4149.3512 
12 1870 4149.8968 
12 1933 4151.2593 
12 1983 4152.3157 
13 12 4136.6463 
13 40 4137.4520 
13 91 4139.2076 
13 160 4141.4026 
13 206 4142.8853 
13 238 4143.8692 
13 269 4144.8176 
13 288 4145.4140 
13 391 4148.5470 
13 417 4149.3512 
13 435 4149.8968 
13 481 4151.2593 
13 517 4152.3157 
13 600 4154.7455 
13 640 4155.8919 
13 687 4157.2572 
13 703 4157.6884 
13 730 4158.4524 
13 777 4159.7620 
13 796 4160.3263 
13 819 4160.9390 
13 890 4162.9121 
13 919 4163.6825 
13 929 4163.9562 
13 961 4164.8207 
13 981 4165.3540 
13 1011 4166.1475 
13 1040 4166.9404 
13 1092 4168.4489 
13 1103 4168.4489 
13 1128 4169.2213 
13 1151 4169.8091 
13 1164 4170.1448 
13 1197 4171.0055 
13 1225 4171.7087 
13 1235 4171.9612 
13 1257 4172.5168 
13 1341 4174.6238 
13 1418 4176.5003 
13 1460 4177.5127 
13 1494 4178.3421 
13 1532 4179.2373 
13 1545 4179.5427 
13 1565 4180.0258 
13 1585 4180.4751 
13 1599 4180.7958 
13 1613 4181.1381 
13 1629 4181.5054 
13 1641 4181.8993 
13 1697 4183.0625 
13 1773 4184.7699 
13 1797 4185.3167 
13 1818 4185.7837 
13 1832 4186.0848 
13 1843 4186.3241 
13 1858 4186.6488 
13 1935 4188.3209 
13 2007 4189.8427 
14 175 4179.2373 
14 185 4179.5427 
14 200 4180.0258 
14 214 4180.4751 
14 227 4180.8929 
14 256 4181.8993 
14 297 4183.0625 
14 352 4184.7699 
14 370 4185.3167 
14 385 4185.7837 
14 403 4186.3241 
14 414 4186.6488 
14 470 4188.3209 
14 522 4189.8427 
14 554 4190.8313 
14 590 4191.8940 
14 601 4192.2100 
14 647 4193.5433 
14 670 4194.1978 
14 687 4194.6993 
14 737 4196.1180 
14 759 4196.7399 
14 769 4197.0148 
14 858 4199.5000 
14 915 4201.0720 
14 942 4201.8580 
14 976 4202.7394 
14 992 4203.1552 
14 1003 4203.4477 
14 1045 4204.5947 
14 1069 4205.2256 
14 1169 4207.8411 
14 1190 4208.3608 
14 1207 4208.7974 
14 1238 4209.5963 
14 1256 4209.9339 
14 1269 4210.3821 
14 1299 4211.1586 
14 1319 4211.6430 
14 1337 4212.1092 
14 1424 4214.2540 
14 1437 4214.5647 
14 1497 4216.0155 
14 1531 4216.8147 
14 1549 4217.2573 
14 1562 4217.5598 
14 1607 4218.6185 
14 1640 4219.3744 
14 1660 4219.8530 
14 1721 4221.2536 
14 1751 4221.9211 
14 1769 4222.3419 
14 1793 4222.8811 
14 1814 4223.3419 
14 1836 4223.8262 
14 1872 4224.6298 
14 1909 4225.4310 
14 1967 4226.6793 
14 2005 4227.4896 
14 2019 4227.7994 
15 17 4212.1092 
15 82 4214.2540 
15 92 4214.5647 
15 137 4216.0155 
15 175 4217.2573 
15 185 4217.5598 
15 218 4218.6185 
15 257 4219.8530 
15 302 4221.2536 
15 323 4221.9211 
15 336 4222.3419 
15 354 4222.8811 
15 385 4223.8262 
15 411 4224.6298 
15 437 4225.4310 
15 479 4226.6793 
15 506 4227.4896 
15 516 4227.7994 
15 529 4228.1778 
15 542 4228.5777 
15 568 4229.3484 
15 589 4229.9512 
15 601 4230.3387 
15 626 4231.0556 
15 645 4231.6180 
15 659 4232.0156 
15 691 4232.9412 
15 745 4234.4794 
15 766 4235.0981 
15 778 4235.4227 
15 809 4236.4279 
15 821 4236.6561 
15 842 4237.2418 
15 854 4237.5827 
15 884 4238.4126 
15 978 4240.9848 
15 1026 4242.2889 
15 1049 4242.8946 
15 1059 4243.1669 
15 1074 4243.5337 
15 1087 4243.9143 
15 1108 4244.4558 
15 1122 4244.8350 
15 1133 4245.1189 
15 1184 4246.6415 
15 1196 4246.7529 
15 1225 4247.5176 
15 1244 4247.9893 
15 1275 4248.7946 
15 1290 4249.1845 
15 1306 4249.5868 
15 1350 4250.6724 
15 1383 4251.5110 
15 1402 4251.9716 
15 1418 4252.3820 
15 1515 4254.7358 
15 1528 4255.0649 
15 1550 4255.5755 
15 1586 4256.4351 
15 1602 4256.8006 
15 1629 4257.4517 
15 1647 4257.8610 
15 1683 4258.6946 
15 1727 4259.7191 
15 1763 4260.5610 
15 1807 4261.5320 
15 1821 4262.0020 
15 1836 4262.1838 
15 1849 4262.4747 
15 1859 4262.6915 
15 1910 4263.8121 
15 1944 4264.5561 
15 1978 4265.3066 
15 1989 4265.5401 
16 39 4251.5110 
16 54 4251.9716 
16 65 4252.3820 
16 137 4254.7358 
16 189 4256.4351 
16 201 4256.8006 
16 221 4257.4517 
16 235 4257.8610 
16 260 4258.6946 
16 293 4259.7191 
16 320 4260.5610 
16 351 4261.5320 
16 372 4262.1838 
16 388 4262.6915 
16 424 4263.8121 
16 449 4264.5561 
16 482 4265.5401 
16 546 4267.4870 
16 595 4268.9310 
16 669 4271.1443 
16 683 4271.5308 
16 697 4271.9367 
16 721 4272.6417 
16 747 4273.3710 
16 771 4274.0769 
16 788 4274.5600 
16 811 4275.2277 
16 823 4275.5581 
16 839 4276.0195 
16 852 4276.3623 
16 867 4276.7709 
16 911 4278.0108 
16 935 4278.7316 
16 966 4279.5271 
16 993 4280.2668 
16 1014 4280.8422 
16 1048 4281.7725 
16 1067 4282.2724 
16 1080 4282.6192 
16 1103 4283.2461 
16 1115 4283.5745 
16 1135 4284.1022 
16 1159 4284.7236 
16 1208 4286.1805 
16 1223 4286.3880 
16 1252 4287.1453 
16 1268 4287.5627 
16 1282 4287.9067 
16 1297 4288.2870 
16 1331 4289.1598 
16 1359 4289.8754 
16 1399 4290.8620 
16 1428 4291.6007 
16 1451 4292.1609 
16 1486 4293.0172 
16 1506 4293.5133 
16 1607 4295.9275 
16 1628 4296.4450 
16 1643 4296.7934 
16 1653 4297.0239 
16 1717 4298.5155 
16 1745 4299.1723 
16 1828 4301.0488 
16 1840 4301.3110 
16 1864 4301.8591 
16 1975 4304.3039 
16 1988 4304.5972 
16 2016 4305.1999 
17 8 4289.8754 
17 38 4290.8620 
17 59 4291.6007 
17 102 4293.0172 
17 192 4295.9275 
17 219 4296.7934 
17 272 4298.5155 
17 293 4299.1723 
17 345 4300.8447 
17 360 4301.3110 
17 378 4301.8591 
17 457 4304.3039 
17 467 4304.5972 
17 486 4305.1999 
17 500 4305.6286 
17 518 4306.1674 
17 537 4306.5461 
17 565 4307.5760 
17 592 4308.3876 
17 623 4309.3336 
17 639 4309.8120 
17 661 4310.3051 
17 683 4311.0990 
17 724 4312.2764 
17 749 4313.0122 
17 790 4314.1972 
17 837 4315.5329 
17 870 4316.4678 
17 900 4317.3232 
17 916 4317.5865 
17 946 4318.7502 
17 963 4319.0543 
17 984 4319.6302 
17 1046 4321.3412 
17 1062 4321.7705 
17 1077 4322.1942 
17 1094 4322.6480 
17 1105 4322.9416 
17 1208 4325.6580 
17 1225 4326.1157 
17 1240 4326.4903 
17 1262 4327.0763 
17 1308 4328.2518 
17 1319 4328.5532 
17 1334 4328.9314 
17 1382 4330.1325 
17 1402 4330.6559 
17 1441 4331.6295 
17 1459 4332.0614 
17 1473 4332.4170 
17 1507 4333.2475 
17 1519 4333.5576 
17 1570 4334.7790 
17 1644 4336.5570 
17 1660 4336.9521 
17 1692 4337.6796 
17 1717 4338.2899 
17 1762 4339.3274 
17 1817 4340.5963 
17 1839 4341.0917 
17 1885 4342.1157 
17 1937 4343.2681 
17 1954 4343.6650 
17 1965 4343.8963 
17 1979 4344.1956 
17 1997 4344.6027 
17 2008 4344.8246 
17 2023 4345.1726 
18 12 4330.1325 
18 27 4330.6559 
18 70 4332.0614 
18 80 4332.4170 
18 105 4333.2475 
18 151 4334.7790 
18 206 4336.5570 
18 217 4336.9521 
18 259 4338.2899 
18 295 4339.4509 
18 332 4340.5963 
18 347 4341.0917 
18 379 4342.1157 
18 416 4343.2681 
18 429 4343.6650 
18 446 4344.1956 
18 459 4344.6027 
18 478 4345.1726 
18 490 4345.5478 
18 517 4346.3900 
18 541 4347.1185 
18 559 4347.6585 
18 612 4349.2858 
18 647 4350.2947 
18 687 4351.4945 
18 721 4352.4950 
18 753 4353.4281 
18 767 4353.8356 
18 796 4354.6722 
18 838 4355.8841 
18 887 4357.2688 
18 943 4358.8380 
18 968 4359.5449 
18 1006 4360.5971 
18 1035 4361.3926 
18 1055 4361.9434 
18 1104 4363.2919 
18 1119 4363.6981 
18 1169 4365.0211 
18 1215 4366.2465 
18 1250 4367.1570 
18 1307 4368.6454 
18 1323 4369.0589 
18 1368 4370.2231 
18 1388 4370.7226 
18 1403 4371.1037 
18 1437 4371.9811 
18 1461 4372.5569 
18 1491 4373.3239 
18 1507 4373.7175 
18 1530 4374.2678 
18 1574 4375.3529 
18 1604 4376.0867 
18 1650 4377.1836 
18 1744 4379.4070 
18 1788 4380.4433 
18 1808 4380.8971 
18 1835 4381.5170 
18 1884 4382.6328 
18 1904 4383.0912 
18 1952 4384.1610 
18 1989 4384.9862 
18 2031 4385.8879 
19 4 4370.7226 
19 15 4371.1037 
19 40 4371.9811 
19 57 4372.5569 
19 80 4373.3239 
19 92 4373.7175 
19 111 4374.2678 
19 141 4375.3529 
19 163 4376.0867 
19 196 4377.1836 
19 265 4379.4070 
19 297 4380.4433 
19 311 4380.8971 
19 330 4381.5170 
19 365 4382.6328 
19 379 4383.0912 
19 413 4384.1610 
19 440 4384.9862 
19 469 4385.8879 
19 481 4386.2885 
19 544 4388.1981 
19 569 4388.9668 
19 609 4390.2010 
19 681 4392.3440 
19 695 4392.7633 
19 744 4394.2080 
19 770 4394.9933 
19 800 4395.8570 
19 864 4397.7133 
19 883 4398.2449 
19 911 4399.0330 
19 968 4400.6418 
19 992 4401.3324 
19 1024 4402.2222 
19 1045 4402.8175 
19 1070 4403.4817 
19 1083 4403.8366 
19 1094 4404.1638 
19 1138 4405.3498 
19 1167 4406.1391 
19 1226 4407.7072 
19 1243 4408.1454 
19 1303 4409.7204 
19 1318 4410.1210 
19 1357 4411.1376 
19 1405 4412.3752 
19 1462 4413.8077 
19 1475 4414.1428 
19 1504 4414.8719 
19 1539 4415.7261 
19 1558 4416.0068 
19 1635 4418.0851 
19 1701 4419.6565 
19 1711 4419.9026 
19 1758 4421.0104 
19 1768 4421.3535 
19 1779 4421.4984 
19 1807 4422.1533 
19 1856 4423.2897 
19 1893 4424.1291 
19 1909 4424.5053 
19 1930 4424.9624 
19 1979 4426.0797 
19 1992 4426.3584 
19 2031 4427.2436 
20 54 4414.1428 
20 76 4414.8719 
20 102 4415.7261 
20 116 4416.0068 
20 172 4418.0851 
20 261 4421.0104 
20 276 4421.4984 
20 296 4422.1533 
20 331 4423.2897 
20 357 4424.1291 
20 369 4424.5053 
20 419 4426.0797 
20 455 4427.2436 
20 537 4429.7971 
20 548 4430.1268 
20 578 4431.0665 
20 590 4431.4324 
20 617 4432.2400 
20 658 4433.4965 
20 682 4434.2075 
20 700 4434.7355 
20 711 4435.0826 
20 794 4437.5299 
20 805 4437.7967 
20 818 4438.2417 
20 833 4438.6906 
20 843 4438.9680 
20 857 4439.3366 
20 878 4439.9926 
20 891 4440.3699 
20 903 4440.7074 
20 918 4441.1251 
20 935 4441.6000 
20 979 4442.8553 
20 1031 4444.3336 
20 1052 4444.9131 
20 1062 4445.1876 
20 1095 4446.2816 
20 1133 4447.0940 
20 1159 4447.8317 
20 1182 4448.4780 
20 1205 4449.0832 
20 1228 4449.7074 
20 1244 4450.1279 
20 1268 4450.7700 
20 1316 4452.0533 
20 1326 4452.2987 
20 1338 4452.6092 
20 1352 4452.9892 
20 1384 4453.8153 
20 1409 4454.4407 
20 1446 4455.3894 
20 1470 4455.9836 
20 1491 4456.5450 
20 1502 4456.9637 
20 1514 4457.1186 
20 1569 4458.4872 
20 1600 4459.2527 
20 1636 4460.1360 
20 1705 4461.8077 
20 1733 4462.4931 
20 1746 4462.7799 
20 1756 4463.0415 
20 1837 4464.9188 
20 1857 4465.3915 
20 1888 4466.1013 
20 1909 4466.5938 
20 1937 4467.2284 
20 1966 4467.8780 
20 2016 4469.0133 
21 54 4456.5450 
21 70 4457.1186 
21 111 4458.4872 
21 133 4459.2527 
21 160 4460.1360 
21 209 4461.8077 
21 230 4462.4931 
21 245 4463.0415 
21 304 4464.9188 
21 318 4465.3915 
21 343 4466.1013 
21 355 4466.5938 
21 374 4467.2284 
21 395 4467.8780 
21 430 4469.0133 
21 448 4469.5747 
21 475 4470.4433 
21 486 4470.7796 
21 533 4472.2453 
21 574 4473.5315 
21 633 4475.3285 
21 655 4476.0148 
21 670 4476.4771 
21 688 4477.0213 
21 736 4478.4725 
21 770 4479.6599 
21 783 4479.8523 
21 797 4480.2827 
21 818 4480.8946 
21 833 4481.5232 
21 849 4481.8025 
21 859 4482.0863 
21 893 4483.0679 
21 905 4483.4267 
21 946 4484.6047 
21 962 4485.0708 
21 1029 4486.9717 
21 1071 4488.1561 
21 1093 4488.7545 
21 1122 4489.5715 
21 1136 4489.9402 
21 1171 4490.9241 
21 1220 4492.2412 
21 1262 4493.3609 
21 1283 4493.9351 
21 1308 4494.5942 
21 1336 4495.3339 
21 1359 4495.9516 
21 1394 4496.8556 
21 1426 4497.5768 
21 1484 4499.1761 
21 1494 4499.4154 
21 1509 4499.7993 
21 1525 4500.2022 
21 1542 4500.6418 
21 1555 4500.9659 
21 1566 4501.2455 
21 1590 4501.8436 
21 1685 4504.1896 
21 1697 4504.4765 
21 1741 4505.5322 
21 1756 4505.8941 
21 1781 4506.4804 
21 1797 4506.8696 
21 1834 4507.7370 
21 1892 4509.0957 
21 1909 4509.3000 
21 1985 4511.2236 
21 2019 4511.9980 
22 35 4499.1761 
22 53 4499.7993 
22 65 4500.2022 
22 77 4500.6418 
22 95 4501.2455 
22 181 4504.1896 
22 232 4505.8941 
22 249 4506.4804 
22 288 4507.7370 
22 328 4509.0957 
22 394 4511.2236 
22 417 4511.9980 
22 473 4513.7487 
22 496 4514.4889 
22 510 4514.9458 
22 522 4515.3232 
22 538 4515.8165 
22 556 4516.3845 
22 572 4516.8938 
22 586 4517.3306 
22 633 4518.8032 
22 660 4519.6097 
22 690 4520.5266 
22 706 4521.0192 
22 754 4522.4617 
22 771 4523.0087 
22 791 4523.5910 
22 852 4525.3976 
22 876 4526.1067 
22 897 4526.7146 
22 966 4528.7130 
22 986 4529.2905 
22 1020 4530.2440 
22 1038 4530.7543 
22 1075 4531.8226 
22 1105 4532.4650 
22 1117 4532.9841 
22 1136 4533.5285 
22 1166 4534.3479 
22 1204 4535.3911 
22 1214 4535.6739 
22 1254 4536.7622 
22 1273 4537.2516 
22 1283 4537.5300 
22 1305 4538.1321 
22 1316 4538.4169 
22 1335 4538.9132 
22 1375 4539.9827 
22 1395 4540.5017 
22 1436 4541.5865 
22 1446 4541.8405 
22 1463 4542.2721 
22 1476 4542.6231 
22 1486 4542.8888 
22 1504 4543.3246 
22 1557 4544.6891 
22 1575 4545.1441 
22 1601 4545.7882 
22 1625 4546.3258 
22 1657 4547.1901 
22 1689 4547.9503 
22 1712 4548.5246 
22 1733 4549.0331 
22 1756 4549.6011 
22 1783 4550.2558 
22 1810 4550.9016 
22 1834 4551.4600 
22 1889 4552.7495 
22 1904 4553.0957 
22 1918 4553.4296 
22 1931 4553.7231 
22 1949 4554.3048 
22 1966 4554.5403 
23 6 4542.2721 
23 22 4542.8888 
23 88 4545.1441 
23 122 4546.3258 
23 146 4547.1901 
23 168 4547.9503 
23 186 4548.5246 
23 201 4549.0331 
23 218 4549.6011 
23 255 4550.9016 
23 312 4552.7495 
23 332 4553.4296 
23 365 4554.5403 
23 444 4557.0896 
23 462 4557.6644 
23 523 4559.6235 
23 553 4560.5900 
23 607 4562.2908 
23 618 4562.6262 
23 642 4563.3590 
23 681 4564.5706 
23 696 4565.0060 
23 717 4565.6848 
23 811 4568.5203 
23 841 4569.4229 
23 854 4569.8039 
23 875 4570.4283 
23 937 4572.2532 
23 956 4572.8123 
23 971 4573.2392 
23 1003 4574.1760 
23 1031 4574.9856 
23 1043 4575.3098 
23 1053 4575.5877 
23 1086 4576.7080 
23 1143 4578.0231 
23 1176 4579.1893 
23 1214 4580.1027 
23 1251 4581.1105 
23 1271 4581.6911 
23 1300 4582.4569 
23 1401 4585.1590 
23 1420 4585.6516 
23 1556 4589.1810 
23 1577 4589.7118 
23 1594 4590.1295 
23 1611 4590.4081 
23 1634 4591.1837 
23 1696 4592.8650 
23 1731 4593.3821 
23 1747 4593.9528 
23 1759 4594.2443 
23 1773 4594.7346 
23 1788 4594.9308 
23 1862 4596.7082 
23 1891 4597.3850 
23 1991 4599.7238 
23 2006 4600.0509 
24 59 4589.1810 
24 75 4589.7118 
24 118 4591.1837 
24 197 4593.9528 
24 225 4594.9308 
24 278 4596.7082 
24 299 4597.3850 
24 378 4600.0509 
24 416 4601.3100 
24 443 4602.1607 
24 513 4604.4341 
24 597 4607.1140 
24 618 4607.7926 
24 646 4608.6687 
24 664 4609.2256 
24 686 4609.9110 
24 718 4610.8582 
24 751 4611.9187 
24 772 4612.5354 
24 792 4613.1516 
24 850 4614.8967 
24 867 4615.3900 
24 897 4616.3167 
24 908 4616.6269 
24 926 4617.1767 
24 946 4617.7455 
24 974 4618.5908 
24 1025 4620.2065 
24 1049 4620.7733 
24 1076 4621.5349 
24 1108 4622.4572 
24 1126 4622.9500 
24 1165 4624.0362 
24 1178 4624.4117 
24 1193 4624.8509 
24 1206 4625.1861 
24 1221 4625.6092 
24 1234 4625.9729 
24 1248 4626.3492 
24 1264 4626.7893 
24 1330 4628.5939 
24 1372 4629.7370 
24 1407 4630.6720 
24 1422 4631.0656 
24 1437 4631.4638 
24 1455 4631.9364 
24 1469 4632.3189 
24 1493 4632.9392 
24 1575 4635.0635 
24 1585 4635.3214 
24 1612 4635.9027 
24 1713 4638.5310 
24 1749 4639.4247 
24 1772 4639.9837 
24 1793 4640.4938 
24 1806 4640.8180 
24 1821 4641.1949 
24 1878 4642.5533 
24 1893 4642.8993 
24 1976 4644.8569 
24 2025 4646.0078 
25 1 4633.0588 
25 59 4635.0635 
25 158 4638.5310 
25 184 4639.4247 
25 199 4639.9837 
25 224 4640.8180 
25 234 4641.1949 
25 274 4642.5533 
25 342 4644.8569 
25 377 4646.0078 
25 437 4647.9874 
25 447 4648.3682 
25 475 4649.2578 
25 546 4651.5361 
25 558 4651.9324 
25 568 4652.2246 
25 581 4652.8577 
25 600 4653.2920 
25 642 4654.6093 
25 703 4656.5134 
25 746 4657.8556 
25 788 4659.2050 
25 805 4659.6825 
25 844 4660.8744 
25 912 4662.8986 
25 924 4663.2658 
25 945 4663.8989 
25 966 4664.5080 
25 1026 4666.2763 
25 1052 4667.0224 
25 1062 4667.3112 
25 1079 4667.8221 
25 1089 4668.1049 
25 1137 4669.4784 
25 1179 4670.6632 
25 1190 4670.9730 
25 1201 4671.2915 
25 1236 4672.2516 
25 1289 4673.7451 
25 1334 4674.9691 
25 1375 4676.0806 
25 1397 4676.6847 
25 1423 4677.3644 
25 1457 4678.2812 
25 1505 4679.5447 
25 1534 4680.3115 
25 1582 4681.5477 
25 1620 4682.5278 
25 1631 4682.8074 
25 1647 4683.3886 
25 1661 4683.5864 
25 1679 4684.0428 
25 1704 4684.6625 
25 1756 4685.9485 
25 1773 4686.3856 
25 1786 4686.6863 
25 1819 4687.5061 
25 1835 4687.8831 
25 1913 4689.7711 
25 1946 4690.5642 
25 1992 4691.6469 
25 2004 4691.9347 
25 2023 4692.3644 
26 50 4681.5477 
26 85 4682.8074 
26 107 4683.5864 
26 119 4684.0428 
26 137 4684.6625 
26 218 4687.5061 
26 284 4689.7711 
26 307 4690.5642 
26 347 4691.9347 
26 360 4692.3644 
26 377 4692.9483 
26 451 4695.4051 
26 480 4696.3520 
26 493 4696.7682 
26 530 4698.1267 
26 547 4698.5273 
26 558 4698.9099 
26 578 4699.5396 
26 657 4702.0865 
26 691 4703.1599 
26 706 4703.6320 
26 721 4704.0938 
26 739 4704.6737 
26 760 4705.3060 
26 817 4707.0774 
26 833 4707.5679 
26 843 4707.8940 
26 883 4709.0907 
26 900 4709.6113 
26 939 4710.7989 
26 984 4712.1411 
26 1009 4712.7366 
26 1024 4713.3241 
26 1040 4713.8000 
26 1053 4714.1597 
26 1085 4715.1102 
26 1116 4715.9906 
26 1138 4716.7502 
26 1164 4717.3813 
26 1211 4718.7104 
26 1254 4719.9366 
26 1332 4722.1018 
26 1350 4722.5974 
26 1362 4722.9122 
26 1380 4723.4096 
26 1429 4724.7596 
26 1443 4725.1052 
26 1479 4726.0941 
26 1524 4727.2650 
26 1558 4728.1904 
26 1596 4729.1715 
26 1607 4729.4557 
26 1646 4730.4510 
26 1684 4731.4150 
26 1706 4731.9950 
26 1722 4732.5190 
26 1761 4733.3767 
26 1842 4735.3700 
26 1919 4737.2302 
26 1986 4738.8558 
26 2003 4739.2424 
26 2026 4739.7959 
27 19 4728.1904 
27 53 4729.4557 
27 81 4730.4510 
27 108 4731.4150 
27 124 4731.9950 
27 143 4732.5190 
27 163 4733.3767 
27 219 4735.3700 
27 273 4737.2302 
27 320 4738.8558 
27 331 4739.2424 
27 347 4739.7959 
27 366 4740.4378 
27 382 4741.0020 
27 408 4741.8551 
27 420 4742.2846 
27 431 4742.6301 
27 455 4743.4440 
27 503 4745.0282 
27 552 4746.6647 
27 622 4748.9455 
27 672 4750.5284 
27 696 4751.2997 
27 773 4753.7431 
27 912 4758.0328 
27 929 4758.5500 
27 960 4759.4801 
27 1012 4761.0196 
27 1059 4762.4415 
27 1171 4765.6786 
27 1188 4766.1968 
27 1214 4766.9276 
27 1250 4767.9333 
27 1305 4769.4998 
27 1385 4771.7235 
27 1400 4772.1321 
27 1490 4774.5756 
27 1528 4775.5862 
27 1550 4776.1677 
27 1568 4776.6480 
27 1586 4777.1292 
27 1606 4777.6568 
27 1624 4778.1147 
27 1640 4778.5272 
27 1683 4779.6298 
27 1696 4779.9742 
27 1739 4781.0650 
27 1766 4781.7529 
27 1779 4782.0871 
27 1793 4782.6269 
27 1810 4782.8628 
27 1860 4784.0984 
27 1905 4785.1992 
27 1963 4786.6149 
27 2000 4787.4880 
27 2016 4787.8693 
27 2032 4788.0632 
28 11 4776.6480 
28 24 4777.1292 
28 62 4778.5272 
28 92 4779.6298 
28 151 4781.7529 
28 182 4782.8628 
28 217 4784.0984 
28 248 4785.1992 
28 288 4786.6149 
28 313 4787.4880 
28 324 4787.8693 
28 342 4788.4863 
28 407 4790.7256 
28 428 4791.4156 
28 438 4791.7765 
28 471 4792.8552 
28 487 4793.4214 
28 522 4794.5845 
28 536 4795.0090 
28 603 4797.2538 
28 613 4797.5836 
28 652 4798.8384 
28 691 4800.0747 
28 731 4801.3962 
28 763 4802.3937 
28 814 4804.0138 
28 855 4805.2987 
28 897 4806.5892 
28 923 4807.3635 
28 992 4809.4775 
28 1041 4810.9583 
28 1134 4813.7206 
28 1156 4814.3521 
28 1187 4815.2417 
28 1222 4816.2668 
28 1241 4816.8093 
28 1296 4818.3668 
28 1311 4818.7903 
28 1341 4819.6421 
28 1353 4819.9944 
28 1419 4821.8120 
28 1434 4822.2317 
28 1448 4822.6200 
28 1460 4822.9352 
28 1470 4823.2122 
28 1506 4824.2025 
28 1519 4824.5302 
28 1534 4824.9543 
28 1549 4825.3449 
28 1573 4825.9966 
28 1589 4826.4079 
28 1651 4828.0492 
28 1669 4828.5144 
28 1727 4830.0089 
28 1771 4831.1469 
28 1824 4832.4712 
28 1843 4832.9477 
28 1891 4834.1532 
28 1907 4834.5291 
28 1933 4835.1780 
28 1944 4835.4478 
28 1984 4836.4265 
29 9 4826.4079 
29 55 4828.0492 
29 139 4831.1469 
29 176 4832.4712 
29 189 4832.9477 
29 223 4834.1532 
29 233 4834.5291 
29 260 4835.4478 
29 334 4838.0473 
29 354 4838.7637 
29 443 4841.8230 
29 454 4842.1953 
29 493 4843.5205 
29 519 4844.3763 
29 545 4845.2945 
29 565 4846.1090 
29 582 4846.5163 
29 648 4848.6806 
29 663 4849.1639 
29 680 4849.7170 
29 704 4850.4948 
29 726 4851.2166 
29 744 4851.7947 
29 783 4853.0334 
29 820 4854.2243 
29 844 4854.9647 
29 926 4857.5130 
29 984 4859.3055 
29 997 4859.6899 
29 1092 4862.5746 
29 1109 4863.0753 
29 1133 4863.7912 
29 1158 4864.5210 
29 1201 4865.7896 
29 1237 4866.8365 
29 1252 4867.2701 
29 1276 4867.9559 
29 1309 4868.9150 
29 1344 4869.8876 
29 1356 4870.2413 
29 1442 4872.6497 
29 1457 4873.0405 
29 1469 4873.3917 
29 1501 4874.2778 
29 1555 4875.7257 
29 1648 4878.3637 
29 1658 4878.4820 
29 1672 4878.8620 
29 1692 4879.3718 
29 1720 4880.0956 
29 1744 4880.7125 
29 1765 4881.2263 
29 1816 4882.5676 
29 1842 4883.2165 
29 1857 4883.6073 
29 1949 4885.9155 
29 2021 4887.4960 
30 22 4877.8569 
30 45 4878.4820 
30 69 4879.3718 
30 88 4880.0956 
30 119 4881.2263 
30 155 4882.5676 
30 173 4883.2165 
30 183 4883.6073 
30 246 4885.9155 
30 297 4887.4960 
30 313 4888.2309 
30 375 4890.4072 
30 387 4890.8558 
30 482 4894.1254 
30 502 4894.8118 
30 547 4896.3218 
30 675 4900.6082 
30 762 4903.4232 
30 785 4904.1634 
30 798 4904.4273 
30 846 4906.1209 
30 924 4908.5795 
30 1020 4911.5287 
30 1041 4912.1640 
30 1060 4912.7501 
30 1081 4913.4143 
30 1098 4913.9008 
30 1157 4915.6871 
30 1195 4916.7878 
30 1209 4917.1902 
30 1346 4921.1893 
30 1375 4921.9974 
30 1410 4922.9874 
30 1431 4923.6017 
30 1457 4924.3186 
30 1501 4925.5417 
30 1547 4926.8005 
30 1566 4927.3252 
30 1577 4927.6282 
30 1616 4928.6743 
30 1634 4929.1559 
30 1668 4930.0574 
30 1683 4930.4620 
30 1717 4931.3612 
30 1842 4934.5859 
30 1867 4935.2294 
30 1886 4935.7080 
30 1956 4937.4610 
30 1984 4938.1531 
30 1994 4938.2666 
30 2027 4939.2077 
31 12 4929.1559 
31 36 4930.0574 
31 47 4930.4620 
31 71 4931.3612 
31 158 4934.5859 
31 175 4935.2294 
31 187 4935.7080 
31 236 4937.4610 
31 255 4938.1531 
31 283 4939.2077 
31 303 4939.8831 
31 325 4940.6493 
31 335 4941.0208 
31 371 4942.2859 
31 385 4942.7952 
31 428 4944.3006 
31 502 4946.8388 
31 537 4948.0444 
31 617 4950.7788 
31 643 4951.6329 
31 654 4952.0081 
31 716 4954.0731 
31 754 4955.3132 
31 767 4955.7226 
31 791 4956.4924 
31 883 4959.4810 
31 927 4960.8620 
31 988 4962.7673 
31 999 4963.1107 
31 1010 4963.4468 
31 1023 4963.8554 
31 1038 4964.3122 
31 1077 4965.5038 
31 1107 4966.4649 
31 1130 4967.1172 
31 1183 4968.7221 
31 1194 4969.0408 
31 1231 4970.1397 
31 1243 4970.4959 
31 1276 4971.4656 
31 1347 4973.5473 
31 1368 4974.1428 
31 1396 4974.7805 
31 1504 4977.9824 
31 1533 4978.7794 
31 1563 4979.6155 
31 1581 4980.1102 
31 1635 4981.5755 
31 1656 4982.1459 
31 1697 4983.2657 
31 1708 4983.5398 
31 1721 4983.8776 
31 1821 4986.5150 
31 1831 4986.7632 
31 1853 4987.3397 
31 1868 4987.7257 
31 1900 4988.5384 
31 1986 4990.7006 
32 12 4982.1459 
32 58 4983.8776 
32 134 4986.7632 
32 150 4987.3397 
32 182 4988.5384 
32 241 4990.7006 
32 318 4993.5185 
32 332 4994.0263 
32 363 4995.1390 
32 373 4995.4991 
32 386 4995.9630 
32 426 4997.3714 
32 442 4997.9272 
32 519 5000.6333 
32 549 5001.6411 
32 584 5002.8385 
32 603 5003.4924 
32 626 5004.2889 
32 647 5004.9937 
32 718 5007.3730 
32 785 5009.5868 
32 820 5010.7315 
32 839 5011.3342 
32 854 5011.8150 
32 870 5012.3446 
32 886 5012.8752 
32 911 5013.6734 
32 939 5014.5631 
32 980 5015.8467 
32 995 5016.3200 
32 1006 5016.6776 
32 1026 5017.2884 
32 1047 5017.9349 
32 1066 5018.5619 
32 1082 5019.0332 
32 1096 5019.4531 
32 1153 5021.2062 
32 1177 5021.9461 
32 1201 5022.6535 
32 1226 5023.4057 
32 1264 5024.5313 
32 1283 5025.1095 
32 1367 5027.5603 
32 1395 5028.3568 
32 1420 5029.0797 
32 1454 5030.0580 
32 1466 5030.4144 
32 1497 5031.2944 
32 1526 5032.1030 
32 1542 5032.5496 
32 1639 5035.2151 
32 1695 5036.7417 
32 1747 5038.1330 
32 1768 5038.6903 
32 1806 5039.7069 
32 1842 5040.6355 
32 1853 5040.9318 
32 1891 5042.0862 
32 1920 5042.5282 
32 1960 5043.8220 
32 2010 5044.9219 
33 61 5038.1330 
33 102 5039.7069 
33 126 5040.6355 
33 160 5042.0862 
33 177 5042.5282 
33 206 5043.8220 
33 240 5044.9209 
33 259 5045.7487 
33 273 5046.1261 
33 288 5046.6554 
33 337 5048.4507 
33 347 5048.8336 
33 413 5051.2041 
33 441 5052.1925 
33 472 5053.2972 
33 567 5056.6286 
33 615 5058.2719 
33 648 5059.3966 
33 659 5059.7711 
33 675 5060.3087 
33 744 5062.6337 
33 757 5063.0675 
33 768 5063.4483 
33 795 5064.3440 
33 813 5064.9272 
33 846 5066.0140 
33 856 5066.3574 
33 893 5067.5480 
33 913 5068.1899 
33 924 5068.5505 
33 950 5069.3867 
33 977 5070.2425 
33 993 5070.7517 
33 1028 5071.8662 
33 1098 5074.0430 
33 1112 5074.2957 
33 1163 5076.0612 
33 1190 5076.8807 
33 1302 5080.2589 
33 1312 5080.5532 
33 1338 5081.3239 
33 1378 5082.5004 
33 1390 5082.8625 
33 1401 5083.1884 
33 1412 5083.5037 
33 1435 5084.0391 
33 1480 5085.4514 
33 1494 5085.8437 
33 1514 5086.4110 
33 1543 5087.2569 
33 1555 5087.5952 
33 1647 5090.1359 
33 1665 5090.6378 
33 1696 5091.4701 
33 1712 5091.9136 
33 1775 5093.5930 
33 1869 5096.1098 
33 1884 5096.4940 
33 1914 5097.2650 
33 1938 5097.9052 
33 1953 5098.2720 
33 1999 5099.4640 
34 9 5091.4701 
34 20 5091.9136 
34 64 5093.5930 
34 139 5096.4940 
34 159 5097.2650 
34 176 5097.9052 
34 217 5099.4640 
34 286 5102.0427 
34 300 5102.5513 
34 452 5108.0905 
34 539 5111.1572 
34 562 5111.9770 
34 583 5112.7026 
34 692 5116.4700 
34 706 5116.9517 
34 729 5117.7217 
34 758 5118.7183 
34 884 5122.9075 
34 915 5123.9269 
34 930 5124.3990 
34 1003 5126.9176 
34 1016 5127.1945 
34 1038 5128.0810 
34 1102 5129.9188 
34 1122 5130.5120 
34 1136 5130.9812 
34 1146 5131.2745 
34 1158 5131.6632 
34 1215 5133.5750 
34 1252 5134.5353 
34 1273 5135.1810 
34 1306 5136.1766 
34 1334 5137.0153 
34 1352 5137.5521 
34 1398 5138.9045 
34 1449 5140.3891 
34 1489 5141.5586 
34 1511 5142.2058 
34 1529 5142.6974 
34 1547 5143.2151 
34 1599 5144.7002 
34 1622 5145.3495 
34 1672 5146.7414 
34 1699 5147.4894 
34 1746 5148.5685 
34 1778 5149.6457 
34 1815 5150.6414 
34 1838 5151.2426 
34 1872 5152.1350 
34 1898 5152.8260 
34 1920 5153.4026 
34 1954 5154.2960 
34 1996 5155.3673 
34 2008 5155.6788 
35 50 5149.6457 
35 76 5150.6414 
35 91 5151.2426 
35 114 5152.1350 
35 132 5152.8260 
35 206 5155.6788 
35 222 5156.3345 
35 323 5160.0412 
35 402 5162.9774 
35 423 5163.7230 
35 435 5164.1848 
35 454 5164.8967 
35 481 5165.8399 
35 519 5167.2116 
35 544 5168.0944 
35 598 5170.0262 
35 608 5170.3621 
35 710 5173.9193 
35 745 5175.1125 
35 756 5175.6838 
35 766 5175.8111 
35 778 5176.2403 
35 794 5176.7661 
35 820 5177.6707 
35 842 5178.4030 
35 888 5179.9223 
35 956 5182.1638 
35 996 5183.4806 
35 1011 5183.9703 
35 1029 5184.5332 
35 1057 5185.4334 
35 1071 5185.8973 
35 1117 5187.3421 
35 1133 5187.8576 
35 1163 5188.7820 
35 1175 5189.1910 
35 1195 5189.8105 
35 1277 5192.3176 
35 1293 5192.8113 
35 1313 5193.4320 
35 1338 5194.1933 
35 1368 5195.2720 
35 1396 5195.9041 
35 1441 5197.2605 
35 1463 5197.8918 
35 1490 5198.6833 
35 1544 5200.2474 
35 1556 5200.6116 
35 1663 5203.6420 
35 1723 5205.2969 
35 1745 5205.8924 
35 1770 5206.6015 
35 1805 5207.5442 
35 1820 5207.9453 
35 1831 5208.2493 
35 1856 5209.1179 
35 1868 5209.2516 
35 1940 5211.1750 
35 1998 5212.6813 
36 10 5205.8924 
36 28 5206.6015 
36 67 5208.1123 
36 144 5211.1750 
36 183 5212.6813 
36 212 5213.7984 
36 239 5214.8008 
36 330 5218.2665 
36 375 5219.9800 
36 391 5220.5630 
36 404 5221.0420 
36 424 5221.7619 
36 435 5222.1603 
36 450 5222.7250 
36 466 5223.3180 
36 477 5223.7167 
36 553 5226.4662 
36 583 5227.5445 
36 595 5227.9805 
36 643 5229.6800 
36 665 5230.4508 
36 708 5231.9569 
36 728 5232.6158 
36 787 5234.6823 
36 813 5235.5640 
36 856 5237.1746 
36 895 5238.3110 
36 906 5238.6911 
36 926 5239.3615 
36 953 5240.2721 
36 976 5241.0106 
36 995 5241.6554 
36 1044 5243.2450 
36 1054 5243.5485 
36 1072 5244.1420 
36 1105 5245.2001 
36 1156 5246.8379 
36 1203 5248.3317 
36 1214 5248.6577 
36 1228 5249.1153 
36 1239 5249.4470 
36 1289 5251.0069 
36 1340 5252.5667 
36 1350 5252.8646 
36 1374 5253.6000 
36 1417 5254.8991 
36 1440 5255.5712 
36 1452 5255.9285 
36 1492 5257.1400 
36 1523 5258.0279 
36 1584 5259.8238 
36 1634 5261.2399 
36 1645 5261.5682 
36 1684 5262.6568 
36 1694 5262.9362 
36 1709 5263.3632 
36 1735 5264.0864 
36 1765 5264.9430 
36 1795 5265.7700 
36 1813 5266.2472 
36 1883 5268.1760 
36 1901 5268.6293 
36 1931 5269.4240 
36 1942 5269.7120 
36 1998 5271.2280 
37 29 5265.7700 
37 41 5266.2472 
37 89 5268.1760 
37 101 5268.6293 
37 121 5269.4240 
37 166 5271.2280 
37 188 5272.2980 
37 279 5275.5865 
37 358 5278.6144 
37 368 5278.9689 
37 464 5282.5383 
37 479 5283.0992 
37 583 5286.9090 
37 623 5288.3577 
37 700 5291.0945 
37 712 5291.5271 
37 763 5293.2889 
37 801 5294.6093 
37 821 5295.2887 
37 837 5295.8702 
37 858 5296.5619 
37 881 5297.3660 
37 908 5298.2650 
37 926 5298.8815 
37 936 5299.2171 
37 952 5299.7567 
37 976 5300.5549 
37 1027 5302.2493 
37 1046 5302.8793 
37 1097 5304.5244 
37 1110 5304.9592 
37 1179 5307.1618 
37 1220 5308.4629 
37 1235 5308.9421 
37 1254 5309.5510 
37 1324 5311.7441 
37 1344 5312.3437 
37 1354 5312.6494 
37 1398 5314.0068 
37 1411 5314.3825 
37 1455 5315.7361 
37 1585 5319.5899 
37 1596 5319.9064 
37 1654 5321.5785 
37 1677 5322.2501 
37 1697 5322.7962 
37 1716 5323.3530 
37 1752 5324.3796 
37 1770 5324.8811 
37 1787 5325.3320 
37 1833 5326.6252 
37 1844 5326.9129 
37 1874 5327.7591 
37 1900 5328.4575 
37 1940 5329.3424 
37 1989 5330.8570 
37 2002 5331.1818 
37 2016 5331.5630 
38 43 5326.9129 
38 64 5327.7591 
38 81 5328.4575 
38 152 5331.1818 
38 185 5332.5250 
38 245 5334.8681 
38 311 5337.4000 
38 368 5339.5910 
38 415 5341.3810 
38 431 5341.9837 
38 514 5345.0674 
38 589 5347.8648 
38 618 5348.9180 
38 641 5349.7511 
38 661 5350.4931 
38 681 5351.2050 
38 695 5351.6929 
38 721 5352.6148 
38 802 5355.4660 
38 820 5356.0908 
38 850 5357.1259 
38 913 5359.3000 
38 930 5359.8699 
38 950 5360.5561 
38 982 5361.6407 
38 1012 5362.6468 
38 1035 5363.2570 
38 1055 5364.0665 
38 1102 5365.6340 
38 1124 5366.3500 
38 1143 5366.9770 
38 1181 5368.1991 
38 1236 5369.9628 
38 1261 5370.7748 
38 1307 5372.2030 
38 1320 5372.6173 
38 1348 5373.5010 
38 1371 5374.1968 
38 1439 5376.3164 
38 1457 5376.8472 
38 1471 5377.2637 
38 1504 5378.2760 
38 1547 5379.5720 
38 1582 5380.6061 
38 1659 5382.8672 
38 1693 5383.8270 
38 1713 5384.4242 
38 1752 5385.5327 
38 1764 5385.8713 
38 1826 5387.6091 
38 1843 5388.2863 
38 1856 5388.2863 
38 1895 5389.5489 
38 1935 5390.6240 
38 1946 5390.9551 
38 1983 5391.9243 
38 1995 5392.2570 
38 2007 5392.5750 
39 26 5388.2863 
39 61 5389.5489 
39 90 5390.6240 
39 122 5391.9243 
39 210 5395.4715 
39 284 5398.4020 
39 300 5399.0171 
39 352 5401.1230 
39 368 5401.6470 
39 420 5403.6720 
39 432 5404.1071 
39 448 5404.7015 
39 542 5408.2584 
39 558 5408.8481 
39 613 5410.9050 
39 643 5411.9780 
39 675 5413.1500 
39 697 5413.9511 
39 783 5417.0280 
39 817 5418.2160 
39 839 5418.9917 
39 886 5420.6349 
39 950 5422.8590 
39 996 5424.4225 
39 1028 5425.5155 
39 1050 5426.2375 
39 1078 5427.1864 
39 1100 5427.9159 
39 1132 5428.9854 
39 1182 5430.6139 
39 1244 5432.6214 
39 1259 5433.1151 
39 1295 5434.2478 
39 1307 5434.6394 
39 1319 5435.2108 
39 1339 5435.6619 
39 1370 5436.6336 
39 1394 5437.4034 
39 1405 5437.7429 
39 1443 5438.8990 
39 1467 5439.6489 
39 1517 5441.1880 
39 1548 5442.1136 
39 1559 5442.4440 
39 1652 5445.2023 
39 1690 5446.3050 
39 1785 5449.0700 
39 1810 5449.7861 
39 1848 5450.9933 
39 1859 5451.1673 
39 1895 5452.1785 
39 1910 5452.6045 
39 1930 5453.1670 
39 2003 5455.2020 
40 14 5450.9933 
40 70 5453.1670 
40 116 5455.2020 
40 183 5457.8980 
40 335 5463.8552 
40 360 5464.8366 
40 372 5465.2880 
40 383 5465.7237 
40 440 5467.9528 
40 459 5468.6896 
40 510 5470.6180 
40 525 5471.2280 
40 554 5472.2793 
40 603 5474.1630 
40 661 5476.2555 
40 708 5478.0074 
40 738 5479.0756 
40 780 5480.5975 
40 862 5483.5200 
40 875 5484.0249 
40 900 5484.8742 
40 915 5485.4100 
40 928 5485.8350 
40 947 5486.5168 
40 979 5487.6260 
40 991 5488.0272 
40 1030 5489.3663 
40 1054 5490.1538 
40 1066 5490.6136 
40 1097 5491.6443 
40 1114 5492.1930 
40 1156 5493.5903 
40 1173 5494.1694 
40 1224 5495.8571 
40 1271 5497.4010 
40 1310 5498.6500 
40 1343 5499.7113 
40 1377 5500.7830 
40 1389 5501.1755 
40 1411 5501.8604 
40 1441 5502.8098 
40 1463 5503.4725 
40 1505 5504.7850 
40 1539 5505.8312 
40 1559 5506.4460 
40 1598 5507.6416 
40 1625 5508.4495 
40 1653 5509.2920 
40 1680 5510.0888 
40 1729 5511.5243 
40 1746 5512.0282 
40 1765 5512.5918 
40 1803 5513.7220 
40 1822 5514.2317 
40 1843 5514.8350 
40 1881 5515.9078 
40 1899 5516.4050 
40 1957 5518.1169 
40 2033 5520.2572 
41 17 5515.9078 
41 29 5516.4050 
41 112 5519.6850 
41 136 5520.8700 
41 197 5523.2871 
41 245 5525.2240 
41 274 5526.4912 
41 313 5527.9716 
41 332 5528.8305 
41 358 5529.7630 
41 375 5530.6331 
41 405 5531.6124 
41 445 5533.1086 
41 484 5534.7544 
41 519 5536.1234 
41 558 5537.5087 
41 592 5538.8280 
41 627 5540.1465 
41 645 5540.8003 
41 662 5541.4492 
41 693 5542.6857 
41 707 5543.1218 
41 743 5544.4296 
41 769 5545.4200 
41 802 5546.5905 
41 831 5547.6607 
41 860 5548.6746 
41 889 5549.7168 
41 979 5552.9137 
41 1019 5554.1651 
41 1042 5554.9582 
41 1056 5555.5651 
41 1100 5557.0741 
41 1145 5558.5889 
41 1183 5559.8860 
41 1194 5560.2460 
41 1223 5561.0700 
41 1242 5561.8830 
41 1331 5564.7410 
41 1361 5565.7463 
41 1481 5569.5595 
41 1500 5570.0861 
41 1584 5572.7385 
41 1628 5574.0880 
41 1655 5574.9012 
41 1750 5577.7531 
41 1801 5579.2345 
41 1830 5580.0700 
41 1858 5580.9076 
41 1883 5581.6263 
