3709.862 154.12948427329212
3711.6229 167.8166277250576
3715.5606 118.43061468339711
3716.5836 144.39910616513902
3717.1713 592.7617214810651
3717.8293 145.11854641954267
3718.2065 15528.218757999757
3719.4347 9837.897852795553
3719.8362 377.57528296809966
3720.4265 1883.8932429539427
3721.2152 734.8108240622585
3721.8254 672.4307568608303
3722.1154 486.7617072814853
3723.9199 145.72071162467302
3724.5165 6177.498549870551
3725.3932 548.4108933499737
3726.7246 367.5121417676361
3727.612 651.6640477923127
3727.9027 4210.463420663686
3729.3087 108508.87721175325
3729.8361 300.62708891287946
3730.3683 1382.8842444021025
3730.7485 136.37117662196297
3732.9854 618.5053718147116
3733.6724 1035.6978299496539
3735.5109 2180.126667741282
3737.5125 1896.815768427972
3737.889 103656.240344989
3738.8439 255.3885732747224
3741.183 2394.5806642158404
3742.9234 5758.757715210821
3744.9109 127.05928612877346
3745.1763 159.4420421809465
3745.6591 973.7230312814846
3745.9706 464.2462412815081
3746.9133 632.8935925519125
3749.0843 266.43201645293004
3750.4939 1558.4253514434868
3751.0219 1233.4029009400172
3737.5125 168.11618567659846
3737.889 4929.720406970118
3741.183 249.91496925724456
3742.9234 662.6570590474743
3745.1763 102.4443294154876
3745.6591 268.27861795348036
3745.9706 193.1495232911729
3746.9133 263.79524572364375
3749.0843 281.76601343069945
3749.6183 154.9276318039816
3750.4939 992.2877133382742
3751.0219 830.8990699017493
3752.5689 424.08444251501413
3753.2421 499.6448826639856
3753.5177 12150.593528590613
3754.0308 4833.179769136022
3754.593 275.1985498067393
3755.2121 1406.0723215964467
3755.9869 199.52216467845287
3756.2941 591.1657557757701
3757.6941 1828.6475270860888
3758.4671 2533.7910398964896
3763.5053 15575.420944202959
3765.27 107075.22812364751
3766.1186 96595.82123178124
3766.4473 400.14737498895147
3767.9007 192.02920259833033
3769.5854 1273.1715859968194
3770.056 4748.875080975857
3770.52 26165.128153633403
3771.3708 22493.12489414577
3771.615 583.5951528168304
3772.6498 998.6364726436921
3775.4234 1440.2330714856885
3776.2711 1902.560175278129
3776.6239 220.73471457601872
3780.8398 66825.3616518954
3781.3189 3187.999777756097
3770.056 326.05295130897264
3770.52 1763.0486624706098
3771.3708 1765.046528019053
3772.6498 138.83773713686276
3775.4234 289.2736270774863
3776.2711 479.60171635095804
3780.8398 33896.932982290426
3781.3189 2239.2312059642054
3783.0127 128.19855941650118
3783.2964 314.6113405287017
3784.5749 403.21180865193736
3785.2804 107.63474277353774
3785.6002 412.168100989461
3786.3824 11871.425754123502
3789.168 8369.131384142622
3790.356 1445.3453599431846
3790.795 8768.166435636098
3792.374 2926.361853622861
3792.73 1550.0158009446022
3795.38 2069.872971672864
3798.103 2789.1203744671893
3799.382 18789.003576905176
3800.198 1280.1023625386408
3801.443 3385.217667569168
3803.984 2601.281846042754
3805.314 657.7303261953516
3805.82 202.31742055515127
3807.874 675.1642084433266
3808.5748 11481.15694023952
3809.4561 54120.51054929065
3813.0678 612.2010563274443
3799.382 845.6741784156816
3801.443 226.35118472836652
3803.984 262.560372812271
3807.874 215.99253435866157
3808.5748 3113.6073222157697
3809.4561 18420.152843433243
3813.0678 505.2898185718961
3816.1666 352.5507120318073
3817.4767 1226.8139095230697
3818.6855 2212.313479205961
3820.7926 3990.647336438735
3821.4308 496.3939584841535
3822.1485 1030.3216431219914
3823.0676 3745.8221369585494
3823.4577 693.1570064788247
3824.5533 444.8355828043718
3825.1331 5577.557550021204
3825.6729 27412.071193511434
3826.3688 2828.4543867538027
3826.8072 52451.6901193313
3828.3846 111843.2919639877
3830.0606 2593.788050739907
3830.51 12727.420803711586
3830.7736 30307.0959795556
3831.6398 1693.4032052831424
3833.086 2504.200542915032
3834.6787 240266.36361985793
3835.7111 984.2005177431848
3836.5851 11508.08089427158
3837.8752 18283.092853374514
3839.6953 61257.337966820414
3840.3809 688.0133813483917
3840.8004 3280.653604592053
3841.5187 18850.58029727059
3841.9601 1449.7680977574294
3842.5502 105.08583747112152
3842.8968 2822.3711984928027
3843.5087 149.4823369660109
3830.7736 1424.8489998707885
3831.6398 100.20896499515803
3833.086 200.72310152526663
3834.6787 20239.587146546295
3836.5851 1759.4224650544893
3837.8752 3062.8083213443833
3838.2922 186.4792616444129
3839.6953 14440.066746355982
3840.8004 1281.7429488688122
3841.5187 6848.9805371053
3841.9601 637.3676930882758
3842.8968 1629.7756718849976
3843.5087 113.87284181143184
3844.7311 4714.26434067128
3845.4055 31120.879292566784
3846.6267 429.6896415061349
3846.8876 2029.9554085403515
3847.6199 570.6371618584166
3849.1832 148.9795467430319
3849.9114 607.1893536315373
3850.5813 348488.2475846184
3851.1583 1060.3916627489689
3852.1353 7684.125706404582
3853.8277 813.2326412655851
3854.5108 2419.0211127943426
3858.9038 867.9422760167765
3859.8396 1908.5000766406051
3861.3524 2296.870516045951
3862.4218 3607.171928002851
3863.4059 1523.5010414623307
3866.9092 3082.5266645494607
3868.2547 792.8848402915708
3868.5284 415125.3646252508
3869.6633 6550.963730446345
3872.1371 25043.29302516409
3873.1479 3987.378474060826
3873.474 10534.649560531889
3873.8224 50710.554971777325
3874.2438 10788.46576433925
3874.8619 29506.24653169529
3875.6462 1887.3956033458792
3862.4218 132.69742974037698
3866.9092 269.9570777922333
3868.5284 45350.75267997135
3869.6633 969.4060837847383
3872.1371 6621.7343172495985
3873.1479 1227.386213921834
3873.474 3747.5442905899454
3873.8224 19259.23204839742
3874.2438 4205.492763283134
3874.8619 13314.999808076875
3875.6462 970.7739321771131
3878.662 1310.979986827873
3879.2688 1108.2526575454588
3879.6441 6543.554312134561
3880.3332 18052.426333827138
3882.143 488.45511939689777
3883.7683 207.4419241469025
3884.8225 1473.3272248023836
3885.4038 238.4743983114978
3885.7681 159.2259054054351
3886.2564 1608.943540023983
3886.9159 15139.56705759933
3889.9059 488.9690707969995
3891.4017 37001.449409149034
3891.726 1969.3946860307665
3891.9792 103411.01705502639
3893.6519 1804.8461220909473
3894.66 43173.60913712197
3895.4192 39176.29302410962
3898.4374 7283.776306336626
3898.7967 627.437082276759
3899.031 642.3734946897865
3900.5767 25353.218766211485
3900.8785 2800.9656036285073
3901.1522 197.6568103286985
3901.6621 2253.097397372047
3902.1708 1006.6423989248339
3903.1024 12693.433301073126
3903.4812 693.2487132884339
3904.0828 574.1775110066686
3905.1865 711.9317225142282
3907.1603 507.5379641838054
3907.5432 540.6793181070237
3894.66 1989.8453669274643
3895.4192 2000.691204288535
3898.4374 594.6003539333828
3900.5767 3391.540813185429
3901.6621 346.7549161215781
3902.1708 148.70607153482044
3903.1024 2540.867766973149
3903.4812 117.14624521842461
3905.1865 196.38051765637226
3907.1603 200.69107676766808
3907.5432 274.5975787775573
3908.7491 842.11361252152
3909.139 1424.5459249086814
3910.521 166.12583902424382
3911.576 11286.107972636299
3911.9091 9858.49113340616
3914.1623 888.7287210210551
3914.7675 36549.37641917304
3915.8489 830.1302655203059
3916.4176 33360.100892722505
3917.2693 4395.307140055763
3918.0701 4183.113826249336
3918.5115 1817.3673491319878
3919.0234 23655.66125793136
3922.2191 150.89125111342108
3923.7995 15560.355857392957
3924.4034 2048.0643220327956
3925.0934 46923.701609019095
3925.7188 502904.5360808112
3926.0456 44288.335489840756
3926.863 995.4552160075385
3927.1762 424.6432760300151
3927.8062 1592.4416594085465
3928.6233 619613.9760082848
3929.2904 4514.293127198146
3929.6693 25427.43293728516
3930.3303 1712.8364567743822
3931.2566 43438.322527879776
3931.9941 187.24877190603644
3932.2264 737.8009747920595
3932.5466 299904.01860775804
3932.9113 47769.461250758904
3933.2375 4704.241951076755
3933.6611 1954.1483246533974
3934.2742 3024.030828368055
3937.0406 1321.4436991929613
3937.9237 619.8387765069114
3938.1523 1025.624919132599
3939.1593 1302.6293757801407
3940.8387 410.4611298344382
3928.6233 29117.45135793986
3929.2904 285.3791149519142
3929.6693 1436.111691977778
3930.3303 113.0095598301223
3931.2566 3467.354756607743
3932.5466 29199.62662866205
3932.9113 4957.77176192799
3933.2375 665.122360194492
3933.6611 239.55688070649546
3934.2742 488.96024284367707
3937.0406 336.6568886587831
3938.1523 314.73386826347377
3939.1593 476.1907518969173
3942.0732 1201.7914805182472
3944.2534 68869.19714257271
3945.1352 1330.524822369752
3945.5072 2179.549457604756
3945.8201 1213.8379827359888
3946.1455 514807.0114279257
3946.3921 6952.420018716274
3947.1364 1739.405329858152
3947.5046 215354.8181030719
3948.0305 34467.26011130385
3948.9789 1044353.4484239792
3950.3951 71705.37747348691
3950.805 2940.790911075457
3951.1085 272.64478638442483
3951.5149 2883.7866750257426
3952.7608 55965.72519767198
3954.7267 489.28741956093785
3955.1699 7507.771798356656
3955.8903 5454.4350369435415
3956.6908 4375.968096384292
3959.3 16986.063215349186
3960.8796 1745.9175067607312
3961.5208 856.9549117403992
3962.4196 7471.988113602466
3963.2199 271.6901105146836
3963.4688 465.8426104838849
3964.0302 3033.690767724494
3964.7257 1112.6750457933153
3966.9647 929.122224386133
3967.3921 141526.76927389315
3969.0026 2002.1413907751057
3969.6641 2473.9674407007756
3972.1545 40572.08714510767
3972.6395 10404.560939082583
3973.1961 19239.640264969657
3974.4766 147032.33888355174
3962.4196 382.0457053698388
3964.0302 183.51829445805404
3967.3921 16437.953243063133
3969.0026 308.00238127994993
3969.6641 454.39500332469396
3972.1545 12219.725511989103
3972.6395 3444.4857312946906
3973.1961 7616.009815687123
3974.4766 77134.03106687023
3974.759 15360.038967696131
3975.4674 853.3441410599456
3976.4149 567.6963901023336
3979.0433 647.1641759997747
3979.3559 193597.72713937788
3980.0896 12801.289722528842
3980.755 557.1467123308731
3981.1065 1157.7464625261998
3981.8281 2781.9932841593404
3982.102 885.4669897700576
3982.8956 1441.407532183274
3984.0955 1312.9633320080795
3984.8795 3152.35133110776
3986.0739 1334.8860564911663
3987.2061 9550.930747845128
3988.5997 990.5633188003136
3988.8456 912.0121375355878
3990.4922 25007.418633315803
3991.7309 19588.232927859797
3992.0535 65566.89017898455
3992.2726 788.7325558663318
3993.2989 1543.1058997600053
3994.5494 27282.46840260099
3994.7918 691055.768025007
3996.0617 2457.093071271388
3996.6687 3536.9043463923413
3998.4038 2048.5509148227347
3998.7334 4581.275836645916
3998.9526 6377.880281722705
4000.2811 9607.886678039655
4001.0581 26833.7961233339
4001.8935 15737.124305559002
4003.1057 1050.08012341889
4003.3086 4111.0234782059
4003.574 5885.6588468662185
4005.0928 17815.81157071497
4005.3628 37548.67446657037
4005.9615 2593.341093055735
4006.3806 1167.4540859131157
4007.0188 2824.8117809611135
4008.2102 42054.937274748794
3996.0617 115.28395742214727
3996.6687 256.0480044960701
3998.4038 146.36392026817154
3998.9526 519.9795690096503
4000.2811 889.5177005067873
4001.0581 3298.603314558706
4001.8935 2147.829995036984
4003.1057 141.79237850420512
4003.574 1034.3268205276433
4005.3628 10991.117345389308
4005.9615 792.1430336282201
4006.3806 408.30012716931407
4007.0188 1110.3387741190381
4008.2102 19264.34488074424
4009.0112 15422.488210243024
4011.7398 9703.291715143605
4012.4952 58861.736735320024
4013.8566 290433.31478123943
4014.7164 7315.276760374541
4017.0627 2702.7964045170056
4018.099 12062.478306539459
4019.1289 112915.5551714171
4020.3541 7382.355386645583
4021.1498 2476.175995370239
4021.7506 1891.5846912416919
4022.0674 17992.46788927588
4023.3378 4825.171804913043
4024.8025 20862.139617493132
4025.6556 2211.134123243764
4027.0091 39548.74768268162
4029.8256 15915.346066374079
4030.2925 13172.40441135095
4030.8424 193671.45938254613
4031.3581 26412.499513172796
4032.5951 16855.80187892247
4034.2461 1738.8111641905475
4035.46 295406.54940164194
4036.0479 312223.27100937127
4036.5652 13364.593554163277
4037.5614 5066.236640424439
4038.2287 7214.932183337193
4038.8043 55512.909493707084
4039.8648 11087.221911318156
4040.3931 372.4666945748977
4041.2036 3927.979577640053
4042.8937 1121187.340547688
4043.1302 2164.068910949769
4030.2925 641.7598583743405
4030.8424 8933.938153839483
4031.3581 1574.6783661631625
4032.5951 1120.4729088253218
4034.2461 140.83216109369536
4035.46 32116.012375813025
4036.0479 35588.82454075903
4036.5652 1694.0182896969684
4037.5614 814.8026585965293
4038.2287 1256.7362908883572
4038.8043 11807.542618357573
4039.8648 2686.342788793624
4041.2036 1268.8446136894638
4042.8937 516078.66675605887
4043.3948 26033.54837230435
4044.4179 1153347.2424071643
4044.9269 2067.0412871236103
4045.2268 1369.8977299730573
4045.9654 120011.78040922961
4047.4815 10186.059467189614
4048.2876 6025.178235240158
4049.5361 1027.328721950172
4049.9447 12724.389454203168
4051.109 21281.149659421622
4051.4991 2828.4060360150293
4052.9208 1529131.2993421755
4053.5277 30830.360062153777
4054.5258 121872.2421800431
4057.9412 1868.5428091214617
4059.2529 41659.254395000105
4061.6254 1857.4428971440552
4063.4071 75216.84682571205
4064.3315 20028.78421053734
4066.8219 2455.623225604396
4067.4507 32357.528372939447
4067.8759 1116.7825365903857
4068.4703 1111.348851775312
4069.2014 16213.208739476653
4069.4612 28108.975988977134
4069.7608 488.7832052960552
4070.2383 14623.39969876286
4070.7835 76467.54254653923
4071.7513 24122.216388139524
4072.0047 2896302.23336692
4072.3849 805595.7051387845
4072.6284 13067.00233622915
4073.8563 6017.780317892452
4075.503 30652.110065736273
4075.907 4544.002040814409
4076.6284 242338.8810886657
4076.9432 202804.3049282941
4066.8219 188.76105707136435
4067.4507 1980.643046380155
4069.4612 2591.676249024843
4070.2383 1558.1730955307064
4070.7835 8985.024597810481
4072.0047 641186.2023585266
4072.3849 111395.405887676
4073.8563 1324.548200104365
4075.503 8045.522924667258
4075.907 1308.202639646808
4076.6284 84749.96333380637
4076.9432 68381.44904060906
4078.3015 922.9252186847373
4078.8751 2109.20526244366
4079.5738 228734.15638008833
4080.358 5685.135308383397
4081.3678 8874.415766957298
4082.0817 2367.0086080421142
4082.3872 170647.04632806403
4083.4688 21331.2709479105
4084.6192 1458.0761054792845
4085.0421 7619.076223048203
4085.4341 18412.2086335138
4086.5205 22237.600563471577
4087.2848 9754.886013526808
4088.7264 13294.850867603876
4089.1379 21580.83988539591
4091.3476 2463.286823193726
4091.7368 2880.287603466347
4093.3921 1306.2452858127494
4093.6713 6962.645161472978
4094.747 42208.75752826205
4096.0759 15922.701145091676
4097.7478 76501.6119463001
4098.7316 8851.293482484372
4100.3414 217148.8147859966
4102.6177 21973.186856672357
4103.9121 1605428.4787686756
4104.3821 3823.010563332645
4104.8385 7768.720868122637
4105.3301 8344.514981609464
4105.915 4444.395826185437
4107.0506 8776.709828611356
4107.8614 12084.648923418792
4108.4198 22580.974991111838
4109.3234 20099.892847775318
4110.826 15881.007041744027
4112.7545 164891.00780632847
4113.5575 649.0752861930865
4102.6177 1171.6080054702259
4103.9121 144553.949702329
4104.3821 320.45491018265557
4104.8385 690.3215046996563
4105.3301 713.9728360702849
4105.915 452.1407508484756
4107.0506 1078.2146759211564
4107.8614 1605.1630810183785
4108.4198 3277.8424434821522
4109.3234 3751.209709464167
4110.826 3903.3300424032414
4112.7545 66708.90364907855
4115.7589 27522.36883288213
4116.3753 12828.756283014882
4116.7137 12653.199309179547
4118.4893 2807.385563285813
4124.0403 8103.448839252973
4127.412 46976.39771681876
4128.0499 5025.330726509037
4128.64 128470.72742022511
4130.3247 6985.590637589672
4131.0021 72550.16477654941
4131.4265 9838.563881318263
4131.7235 2916764.465418435
4132.7533 11073.335113744926
4134.0681 57674.160190092596
4134.3235 5921.9665374646065
4135.48 14519.789527832198
4138.0406 13634.395160140326
4140.235 7005.074904425965
4142.4741 5383.67712710607
4142.701 11332.763666780354
4143.6491 9820.64314454711
4148.1816 6065.479531337542
4140.235 498.67250103712723
4142.701 1154.581337044822
4143.6491 1242.2877829708214
4148.1816 1685.7402373461646
4151.1453 656.1364383871581
4154.7205 3928.0446262905693
4156.086 179232.42576293158
4156.5166 5914.122702132631
4157.2804 8996.72239331423
4158.5905 2994876.3513992457
4159.1537 10136.442019433405
4161.7389 9060.15467311119
4162.509 24975.80678694516
4163.6469 4927.121770489312
4164.1795 2836110.63601671
4164.9735 4019.3420894588685
4165.7661 96890.37120461292
4168.6341 5667.664070314742
4170.5333 91683.0581869835
4170.7856 2922.5564545325483
4171.341 2163.2235801062125
4172.6257 2770.752870529082
4174.4396 1321.1851552666665
4178.0597 17158.564221213812
4178.3658 77936.3280467144
4178.8481 14891.903009308871
4179.9601 6497.403780650487
4180.3272 3275.9444065581206
4181.8836 2936743.84191108
4182.9342 19813.04597826376
4183.5645 16857.880642515913
4184.1376 11538.862835984793
4184.6045 4053.077750855767
4185.1447 3530.294689702509
4185.4693 2975.5878733872755
4187.141 2959.646262191408
4178.0597 1359.0998990067092
4178.3658 6354.06662070837
4178.8481 1447.5009467754098
4180.3272 462.80266717942146
4181.8836 597833.8894725887
4182.9342 4101.265396880412
4183.5645 3633.351412222024
4184.1376 2658.9620625532875
4184.6045 1016.9061730257682
4185.1447 915.2235687342128
4185.4693 926.8847328035968
4187.141 1272.9417626251668
4190.7129 2242685.1869632523
4191.0294 1854580.8155615802
4191.8269 1940.5620452072976
4192.362 7798.37313899921
4193.0164 29890.567497528766
4194.0826 1138.7749456176346
4194.9361 21017.774600237655
4195.8326 3111.003174722523
4198.317 3363303.9503279226
4199.8891 51958.923863373726
4200.6745 3415210.916303932
4201.9715 313806.3330401877
4204.0413 15612.891769511054
4208.4108 13707.08056677591
4208.8907 49664.88030639395
4209.9727 16590.45226744129
4210.4554 7323.446643147694
4210.9232 424319.842953593
4213.0673 75063.66791336413
4213.3779 10883.628496538518
4214.8285 32074.360645280314
4215.6272 3918.7685334490093
4216.0698 12338.234383281992
4216.3722 12076.724432068178
4217.4308 278922.2059033638
4218.6649 425278.37952050223
4220.0651 16510.924079992386
4220.7323 6414.124508020013
4222.6373 444213.9255586126
4223.4403 13635.54772862029
4224.2413 2399.7612307153504
4214.8285 2720.101152062981
4216.3722 1079.628438287146
4217.4308 27930.657165491244
4218.6649 48543.48066481737
4220.0651 2693.83317566664
4220.7323 1335.0157355532506
4222.6373 119093.7265157008
4223.4403 4128.278726672613
4224.2413 915.6774852589174
4226.2994 3667.9431092795853
4226.9876 271473.8039908802
4227.3872 14856.147258645144
4228.158 829433.4619042395
4229.1477 22476.64022749902
4229.4546 2290.932939304782
4229.8644 184570.54586106728
4230.4267 16201.115922215715
4230.8242 3954.378885760778
4233.2873 1636.6373644921564
4235.4636 194959.7302062424
4236.0471 3088.93234544073
4237.2198 1977524.087411821
4239.7873 2237.387951519985
4240.5947 1602.7405988091302
4241.0948 8407.135797515619
4241.9725 3227.970399183353
4242.7197 1449.4486427758952
4243.2611 6629.246688036151
4243.9241 3923.7246534941955
4247.5988 3342.655546164588
4247.9886 9064.26330364533
4248.3908 14417.892634077696
4248.74 1383.9346848560594
4249.4761 4306.277879500791
4250.3146 289089.5669833527
4250.7749 11283.502490555245
4251.1846 1526806.8654682336
4253.5385 36045.31059499869
4253.8674 1930.3886621866448
4255.2373 17313.309256749944
4256.2537 78161.88078396603
4257.4963 217190.8658848609
4257.8982 7799.071164151091
4258.5204 28304.305264224608
4258.9955 12793.722812771504
4259.3619 3041539.782078039
4260.333 34787.78439042116
4260.9845 8706.937790509784
4261.2754 2349.613235447041
4261.492 5461.265592817432
4261.9665 1846.0761794338491
4262.6124 8305.096568274752
4263.3561 2103.315943139045
4253.5385 2441.6039393349965
4253.8674 209.66708180945125
4255.2373 1480.901252229789
4256.2537 7587.046993823394
4257.4963 27294.63963970828
4257.8982 1207.6832141146085
4258.5204 4624.791814412788
4259.3619 3081357.2659768714
4260.333 8106.032451326013
4260.9845 2441.6655869665706
4261.492 1799.7564136908975
4261.9665 738.322066985105
4262.6124 2818.6213659237733
4263.3561 1030.0824335416178
4264.3399 2655.2878272200574
4266.2864 2818022.453111545
4269.0639 2443.8176701604993
4269.9426 11054.157720793894
4270.329 2326.730383462315
4270.7349 2801.9100641344266
4271.4396 5385.802518347771
4272.1689 3040792.10254542
4272.8745 25148.359727262996
4273.3574 20455.387759127043
4274.0246 5139.463176087652
4275.1596 209482.76155863574
4276.8073 10600.081801647812
4277.5282 3020817.774958277
4278.3232 36954.090176652186
4279.0627 5605.976051308024
4280.568 44152.785586568825
4281.0678 18293.9904454294
4281.4145 17855.93285997533
4282.0413 46993.93325741676
4283.5184 4876.384100209392
4285.1823 1879.251186915513
4287.0808 8266.482304803298
4288.6688 35529.67643695818
4289.3632 3087.962575735465
4289.6551 11885.192591459969
4290.3937 8990.990304215708
4291.8098 50777.828080607294
4292.3057 4103.503445106028
4293.7698 3736.4617933103787
4294.7193 13322.75007815827
4295.5849 11394.754457855643
4295.8155 5287.575637422315
4297.3066 43177.31510797113
4297.9392 126337.5719651364
4299.8393 57163.897681530405
4300.1008 3037922.173948794
4300.6495 646758.0391626896
4291.8098 2978.3984284690932
4292.3057 363.1216346945007
4293.7698 433.1240783856792
4294.7193 1397.8556508435865
4295.5849 1244.296419041522
4297.3066 6311.775629619771
4297.9392 22997.571399877757
4299.6352 4975.710676917844
4300.1008 1872646.3983816449
4300.6495 192920.81999219346
4303.3867 1169.8103100657465
4303.9892 2556.2220888707234
4304.4179 2644.2743216675362
4304.9565 4476.156475187178
4306.3668 4890.22892228708
4307.1762 35401.676309865616
4307.7406 1173.6844932327886
4308.122 16816.45244829072
4308.6001 8028.198816886176
4309.2392 707885.8857040332
4311.7994 25545.19281840471
4312.9975 210015.74899548193
4313.3084 2286.8359279520646
4314.3195 17522.441274157587
4315.2543 86354.59961701308
4316.1094 7741.515870858114
4317.84 4047.0106880855255
4318.4157 34065.2566826956
4319.0973 1827.814897243875
4320.1264 14731.589035058068
4325.2741 17746.01809711216
4325.8599 8728.266580056117
4327.7145 6857.452913539032
4328.9154 98973.85143504612
4330.412 9010.030434224514
4330.8438 30296.675237140793
4331.1995 3005377.5127172912
4332.0297 947896.1090285431
4332.3395 11212.182547316192
4333.5612 3419148.566772002
4335.3379 3016605.2624014076
4337.0708 564604.6533245706
4338.1078 33438.31510410204
4339.8716 6350.073035468687
4340.8954 16811.262556867216
4332.0297 59482.71060806411
4333.5612 797957.6568178242
4335.3379 396477.62911908474
4337.0708 78918.67410017406
4339.8716 1661.1149143613657
4340.8954 4441.977958698121
4342.4442 30071.497974887938
4343.3817 1970.033919990773
4343.9515 4156.94799097476
4344.3265 4106.609017020712
4345.168 1299429.8819826336
4346.4367 37290.0900439058
4347.6385 4817.42572755674
4348.064 3075638.440341947
4349.0722 24517.267705522023
4350.2717 4575.349623662534
4351.2719 4739.975337446961
4352.2049 823041.027960713
4352.6122 15444.675081923126
4353.4487 47637.562844129134
4355.5259 7544.889669622218
4356.0445 6122.743551523748
4357.6132 3790.334502360369
4358.32 44187.050924159594
4359.3719 47382.64485070362
4360.1672 9027.878559333996
4360.7178 3921.871115914786
4361.3071 4940.570304660498
4362.0662 959182.5423636636
4362.4721 4813.844697288823
4363.7945 263394.98920403153
4365.9301 72152.08388699597
4366.9657 4441.852319619957
4367.418 12347.850302834493
4367.8316 1991751.7049905227
4369.8756 72197.02138436507
4370.7532 3688146.049951592
4371.329 2413275.389015943
4372.49 56668.500689236855
4374.1239 350534.13393550593
4375.9542 2626157.439476463
4376.5309 12768.79557941124
4378.1768 165888.11469553428
4379.6668 3006937.5722471243
4380.2863 9622.838875512049
4381.4018 8149.8371412930655
4381.8601 51606.8375751284
4374.1239 24316.78101371107
4375.9542 284948.73810006166
4376.5309 1634.3780157979052
4378.1768 24426.59586316822
4379.6668 902433.2625164805
4380.2863 2321.0524555942166
4381.4018 2187.672046431342
4381.8601 14257.978839940335
4382.8934 17824.688622801274
4384.656 6712.792303982322
4385.0566 654677.7344324931
4385.7535 1608.8614672201184
4388.1014 1770.8847087751842
4388.968 2077.4280006798954
4391.1105 47887.38120168602
4392.974 24039.94885142901
4393.759 16528.520357597416
4396.1394 2226.0486233464862
4396.4783 4528.771082727931
4397.0097 3134.25063947201
4399.0939 2068.8557754020567
4399.406 19321.96434137092
4400.0968 1815715.062323699
4400.9863 3050803.3576479414
4401.5812 70959.91905523614
4402.2452 10719.950788395978
4402.6001 10734.105686271861
4402.9271 111879.9949338379
4404.9022 132271.69524609615
4408.4822 11083.869803981841
4408.8828 372078.4105051306
4409.8991 11441.471633500056
4413.3745 2030.4283875931867
4413.6324 7970.179536314116
4414.4863 79769.45812384707
4416.237 4163.91637973497
4416.8447 34818.32499708992
4418.4157 3179.3343102744993
4419.7692 4485.538956855545
4420.2571 8627.328947333108
4421.5439 10037.838780952403
4422.0479 37448.0841878918
4423.7202 28764.152475438335
4414.4863 4812.691804133983
4416.237 484.68688112431795
4416.8447 3286.3521972676945
4418.4157 448.0550311438637
4419.7692 692.4524884151914
4420.2571 1498.0829668290871
4421.5439 2480.3638205127118
4422.0479 8318.628004778544
4424.8373 3386.5441756163364
4426.0011 3182750.8049894017
4428.5536 3345.094479783565
4429.8227 4054.828462614189
4430.189 2815001.6889413344
4430.9963 881414.8241331931
4432.2523 22763.159554554997
4432.9628 13260.722691395495
4433.4907 8704.061748602335
4433.838 899573.0425000266
4434.9564 3082.93771305972
4436.2844 2834.4577115703323
4436.9961 8438.9321742414
4438.7464 18976.814013482755
4439.1237 6471.656595847343
4439.4614 1107767.8193424987
4439.8793 228153.93384471638
4440.8659 15796.658338093674
4441.6084 14839.124708264453
4443.0863 3614.2553942660807
4443.6657 21462.570519336434
4445.9012 98367.85983860359
4447.2296 8820.955602867922
4447.8346 9629.267553696374
4448.8792 2053053.5740635977
4449.5206 91014.33650586203
4450.804 23791.894419833447
4452.5655 114816.95143707766
4454.1392 4113.916098277992
4454.7738 5577.983456470717
4457.2362 13237.409127149349
4458.0015 226961.1591522042
4459.5477 7301.054544868543
4460.5574 242127.0646108625
4461.2412 73078.20547269806
4461.5278 58163.42520896925
4463.666 20401.862975618773
4464.1386 6421.0675764329135
4465.3406 11833.425922725548
4465.9751 4347.08730080024
4457.2362 970.3384853771197
4458.0015 17226.43818084113
4459.5477 836.6857823863621
4460.5574 30276.294791049284
4461.2412 10142.920302605713
4463.666 4289.126301102735
4464.1386 1719.1697499766337
4465.3406 3476.9629125869774
4465.9751 1476.7803155460479
4466.6245 1773.281844358345
4468.3208 2584.25752999242
4469.1891 1870.422472564001
4469.5253 19222.928418586594
4470.9906 6778.5921800681335
4472.8462 4679.138003792008
4474.073 3061.3352767452257
4474.7594 2731245.794619538
4475.2214 26766.92118405313
4478.5958 19451.92707066874
4479.6376 16743.047324589486
4480.2661 2456.5301457256155
4480.5453 3813.5503098253116
4481.8107 3104133.466379616
4482.1693 86792.79020646427
4483.3468 35504.05091727287
4486.8973 183591.80967967736
4487.4955 17501.52862903723
4488.3123 21819.292275520096
4488.6808 18167.593874003494
4489.6645 48062.186076994345
4490.6715 9733.768022375541
4490.9816 709050.126454324
4492.1007 10691.441981260403
4493.3337 1504533.175201864
4494.6907 7161.391063136953
4494.9616 1908.9021792278902
4495.2378 1737.1242856318304
4497.9144 21186.236771202482
4498.5384 320230.4994212669
4498.9401 181218.3666663059
4499.3796 14124.047716273457
4499.7037 4894.4740761444355
4499.9832 108602.52601079716
4500.5769 4011.619445003275
4502.9268 515176.2300440138
4504.6306 5474.6780638566415
4505.2167 69777.70599510707
4506.473 28629.24351606293
4507.4185 5707.048380065137
4507.8339 28967.87398483653
4500.5769 453.98155346958737
4502.9268 62239.33895093879
4504.6306 795.8240138602725
4505.2167 12179.130366525696
4506.473 6852.192788714571
4507.4185 1691.9769732262941
4507.8339 8604.914883814194
4509.9587 6038.535394160305
4510.7332 3817450.769667571
4512.4832 2123.6793442586204
4513.2231 15378.361817663264
4513.6799 30345.41897333394
4514.0573 2309.7301067227218
4514.5503 1082.8150894919809
4515.1182 70715.05290033603
4515.6274 1451.5238654769369
4519.2592 33502.713081578295
4521.1939 97639.06061560576
4521.7407 9887.85738014327
4522.323 1592594.9905341861
4522.7839 1929.6145679152744
4524.1289 5896.147855905285
4524.8379 3401.4978297176967
4526.9177 3132.7649761490316
4527.7086 2199.222630033337
4528.0208 11516.574624142891
4528.974 1107.30375853777
4530.5523 956505.642893562
4531.7134 3605.7333999386688
4532.2577 7341.444293757062
4533.077 27669.97418512034
4534.1198 6436.768637574356
4534.4025 4364.266056154047
4535.4903 212428.03588045758
4535.9798 8909.625120743882
4537.6426 166155.53477783068
4540.999 104724.18001080565
4542.0513 2908.0397467396447
4543.4153 9361.859439602156
4543.8692 103474.36129880897
4544.5142 18360.773706591815
4545.9156 68886.17158788849
4546.6757 7057.129708422166
4547.2498 28401.923539123978
4547.7589 203760.04471524994
4548.3261 9518.863419446063
4549.6262 4200.664878200929
4551.4736 12986.543850243832
4552.1536 42624.31075704608
4545.0519 2482695.21758372
4545.9156 7056.856874941114
4546.6757 1194.8503853280772
4547.2498 3554.8503405175707
4547.7589 27405.778670753607
4548.3261 1696.6530882084328
4549.6262 862.6834952985733
4551.4736 3245.4388237401695
4552.1536 11709.524514354605
4555.8127 48540.749264660466
4556.3872 2423.2268502854745
4558.3458 9710.432766086098
4559.312 2224.361418123455
4561.3477 56314.87870060604
4562.0803 6591.754197649321
4562.4756 2290.478779880001
4564.4054 253170.67792772385
4564.8354 17987.720995298594
4566.6497 5274.680763456831
4567.2403 54211.35916888094
4568.1426 24509.366682949523
4568.5235 6386.894474827234
4570.9722 151968.53796291468
4571.5312 3789.021746536036
4573.7038 4693.971017838155
4574.0279 10727.977533968337
4574.3058 5485.050690020512
4575.2338 9306.108571328392
4579.3495 3074133.6359367995
4579.8272 39770.29679390051
4581.1732 28033.18506320169
4584.6518 13821.287525450785
4588.4261 178486.0048529671
4589.2668 199146.81585874414
4589.8978 3013322.963672319
4592.666 113175.59315275715
4593.6437 25022.52710100678
4595.4206 416230.3634494758
4596.0967 2237416.1921827523
4592.666 15993.74035482691
4593.6437 4151.847392846215
4595.4206 81734.0285215251
4596.0967 589959.4122648307
4598.7627 786184.1328587275
4599.7046 2468.365530346312
4600.8717 2064.3853162928494
4603.1446 14841.321378317503
4606.5021 2385.1957062836527
4607.378 6196.57201161081
4607.9347 19831.17300478492
4608.6201 16453.506776122875
4610.0809 9441.671038018962
4610.6272 13189.085634814634
4611.8597 6943.376933532829
4612.5435 10507.913633171042
4613.6044 30022.35950915601
4615.024 37394.50606526464
4615.334 33820.70135671086
4616.4523 4344.12871196336
4620.2408 19764.903777812146
4621.1629 44953.79698921104
4622.1209 3730.29819015374
4623.1169 7876.9033330718
4623.8911 2474.7656953658984
4624.314 18110.338098171047
4624.6776 5964.123616891619
4625.0538 3210.9337278120984
4625.4938 15600.254484833258
4627.298 33710.500003082016
4628.4409 1926495.718175495
4633.7657 64686.72372100753
4637.2328 1827797.5081009434
4638.1259 12281.851954270742
4638.6849 40784.34962665559
4639.5188 9830.74609576671
4637.2328 228845.97283566117
4638.1259 1775.6929740557391
4638.6849 6160.671818295538
4639.5188 1933.8615335769234
4643.5566 2880.2329875332116
4644.7072 5487.318342754702
4646.6861 8640.16330760959
4647.9564 3443.6312735169695
4650.2343 14055.884541409992
4651.9895 3619.5821895136805
4655.2126 18950.92170998468
4656.5518 7463.661800208933
4657.9012 3903640.657394282
4659.5698 23562.3112565987
4660.3941 7172.565144770483
4662.5936 6929.182400471083
4663.2026 129741.38751186506
4664.9704 9271.661671454252
4666.005 11477.603518806034
4666.5158 51033.50118865684
4666.7985 117610.95292971992
4668.1716 182243.15869752844
4669.3561 9267.314545221825
4669.6658 6719.887163219047
4669.9842 207165.24422139415
4672.4372 6298.798611415823
4673.6609 671712.7526201813
4675.376 20766.683009536097
4676.0555 195939.64286325366
4676.9721 17878.205355557995
4678.2352 20831.452239650593
4680.2377 29697.838345164953
4680.646 7888.605750905851
4682.7322 5288.870108728363
4683.3517 54506.40917114761
4686.1946 167401.9927225815
4686.5715 2095.367951502456
4682.7322 722.3091473064752
4683.3517 5831.34974688272
4686.1946 27735.350005694127
4686.5715 620.3368374376382
4690.6219 16772.772031896886
4691.0516 1497.2109081179387
4691.6354 24959.658399269134
4694.0914 8985.803530847703
4695.0381 102568.86680575075
4695.4542 12927.564618771557
4698.2248 5789.957636470956
4700.1402 4608.8726132108
4700.7711 11662.607403171165
4702.3161 1918781.8232245352
4703.9898 764383.3638759374
4705.2986 2069.459624645511
4705.7606 16413.665917906204
4706.2511 5179.24652119616
4707.045 3608.8056111377473
4708.294 44603.67322400029
4712.0056 7962.435059826505
4712.4814 82897.70332931989
4712.8408 28371.38595468684
4714.6715 9067.358646004335
4717.3905 7954.720871398947
4719.9795 33766.52771310022
4720.4586 21529.035550299996
4720.7811 17668.61686080944
4721.2765 63880.144531052516
4721.591 409383.09751149744
4722.0886 101633.32370372162
4723.4382 1280670.9878863073
4723.784 40370.92656736821
4726.8683 3796294.7057337817
4727.8491 15051.367744914687
4728.133 21106.332785631763
4729.1282 151825.01882650732
4730.0918 9065.090122308566
4730.6593 66206.6683205086
4732.0532 3078911.0940000038
4734.0458 12113.204971756697
4735.9058 3086908.786838269
4730.0918 1200.388371357247
4730.6593 7736.93062088883
4732.0532 443609.9118339213
4734.0458 2666.304771792717
4735.9058 2046673.453108432
4737.9172 3138.591651942379
4739.6764 25733.756036692164
4740.5292 19769.53432924443
4740.9585 27909.32808640599
4741.3039 11549.184278055885
4742.1174 13313.043837469064
4742.5671 5425.127897762126
4743.687 11010.973575492824
4745.3375 14525.344920378113
4747.6176 3522.199857294968
4748.5911 1945.3136188012368
4749.2002 91242.03170721912
4749.9713 47335.0752727513
4752.4141 38793.97271925421
4757.2196 148879.7486517926
4761.1101 10301.52087394019
4762.5242 4713.543318401475
4764.3463 117328.95840712852
4764.8646 4299565.59768923
4765.595 48116.2768491545
4766.6006 233174.5916890513
4773.241 24713.00784857525
4775.313 23025.41533111337
4775.794 27677.177752830816
4776.7792 7025.38823271024
4777.1915 54261.70099828432
4778.294 964849.2970078369
4779.7286 20124.471624181664
4780.7505 10745.629335935644
4782.7612 7180.041545130752
4783.8617 28334.10032108337
4782.7612 1414.3472985395279
4783.8617 6331.12508449723
4786.531 12578.360902129096
4787.148 15795.753775133262
4788.6781 2149.88626032583
4789.3868 81461.37717835739
4790.4373 1201.777309883593
4791.5157 3999.8495961156927
4792.0819 77707.72328005443
4793.2446 12937.425905986258
4795.9131 25081.60936251968
4796.2429 2976.913867675278
4801.0517 3917.040128868629
4802.6714 4480.1217041704285
4803.9559 4391.489498563477
4806.0205 4050147.5479689273
4808.1337 519701.3310429499
4809.614 148363.2108055357
4812.3755 35077.80453707877
4813.0069 30921.29477363327
4813.8963 116005.29257125825
4817.0206 18027.657819439417
4818.6477 9092.978468721209
4819.193 48274.17270166296
4820.4649 29094.57628099293
4820.8847 159402.55470615765
4821.5878 147614.21870666646
4821.8646 8686.74701900198
4822.8548 359074.871897305
4823.1823 9277.429038017888
4823.6058 151406.75344446168
4823.9967 117655.98082116696
4824.6484 2680.575350201265
4826.7004 201398.97588026838
4828.6596 4105.4319126623595
4829.7973 17121.168302123333
4831.1213 388058.72338024987
4831.5975 118725.43678923303
4832.4233 14972.288445212418
4832.8025 47177.5469536136
4833.8277 7974.709284025116
4834.097 51315.18861177086
4829.7973 2504.6849440816277
4831.1213 58672.66837373889
4831.5975 19788.789358697533
4832.4233 4047.6958605276263
4832.8025 10958.463595151967
4833.6759 1439.4002086287985
4834.097 14294.258876397933
4837.4121 1930.4528230880198
4838.3546 1880.5768691392555
4840.4744 4576.53181427726
4840.8492 171268.37492278664
4842.1676 3566.6557114914303
4843.9413 36294.667181615514
4844.5597 2784.8491403724297
4845.1626 16033.813629038304
4847.3263 9812.841402790607
4847.8095 3412106.957206007
4848.3625 184639.33341316643
4849.1399 18122.79771224794
4849.8617 19537.646823888543
4850.4397 20243.946600711242
4852.8685 44926.88556027036
4857.5385 14341.08337701205
4858.3327 9626.981487181025
4861.2167 71795.76892976879
4861.7173 51471.07259373616
4863.1724 144946.35463965542
4865.4775 686779.731426472
4865.9105 800975.2243075195
4868.8814 88555.09517154403
4871.289 61253.30369261397
4872.0309 17619.533273970683
4872.9169 305000.0939982105
4874.3645 93749.81510592673
4878.0094 104511.40464169101
4878.733 527564.9450111431
4879.3497 13931.599984545108
4879.8635 4051005.1505879653
4881.2046 52076.35994294538
4881.8531 13500.02744163217
4882.2432 389731.8900575473
4879.8635 3432747.527073719
4881.2046 8249.239762415395
4881.8531 3136.3627132233737
4882.2432 75189.89068091371
4886.8661 2009.4964596369432
4889.0422 1460346.273059074
4889.4903 7089.210871335485
4890.4582 7064.8373747355
4891.0379 3400.319353454688
4892.7592 13658.677995192684
4893.4453 10339.90380186697
4894.9551 747079.1404814869
4898.8044 4359.154162690365
4899.2401 13223.023790625533
4902.0545 42968.142726538135
4902.7943 21166.948497538047
4904.7516 1273719.947279998
4907.2093 20769.93981299873
4909.8431 9875.059998009734
4910.1576 51369.924771874335
4910.7929 34554.73424342668
4911.3787 40693.54013603488
4912.0428 6261.814102267772
4912.5293 15743.620130095833
4915.4155 7089.973817658113
4917.822 23538.471792286025
4919.8157 195486.40190521293
4921.6134 14534.274767030556
4922.9442 6864.058324005469
4925.4254 4970.244012527162
4925.9501 26418.73007740686
4926.2529 4386.524683807778
4927.2988 13171.48551560534
4927.7803 82756.6156760056
4929.086 25965.231622267453
4929.985 8093.145206383053
4933.2091 2180824.5314814835
4933.8521 10387.113327633218
4934.3306 4309.098659429143
4933.2091 357136.6649984023
4933.8521 2263.112009218627
4934.3306 1040.9691932991952
4936.7746 9038.13705064705
4937.8295 30777.05329085622
4938.5047 5349.025054689403
4939.2707 3221.124587876697
4939.6422 70690.7051079112
4941.416 2659.496394746264
4943.7076 2901.510701038721
4945.4587 147916.8912970933
4946.6637 19576.11078713892
4947.5752 7366.2532641778
4950.2513 13593.141639665351
4950.6264 8820.381888055843
4952.6908 7356.567591206131
4957.2963 16341.811589496638
4958.0988 10594.549537128802
4961.3814 5933.75990575374
4961.726 34543.623100659956
4962.0621 5933.742753424676
4965.0795 4339887.029500706
4965.7315 54045.73931729892
4967.6529 3488.1037431433833
4968.7556 8614.28953231926
4970.0785 28515.78147186581
4972.1597 951894.9268826579
4976.5938 2593.792562397631
4977.3906 4683.459408235708
4980.1859 50164.88726120394
4980.7561 6560.392997921317
4982.4875 73132.80828810338
4983.5324 6283.550019514168
4985.3725 199491.60175365896
4985.9486 10437.58946288381
4987.147 7728.66899202844
4987.5582 12875.881344822768
4985.3725 28144.01058269768
4985.9486 1890.714929496877
4987.147 1744.1208445667078
4987.5582 2943.0605950618383
4989.3086 14762.125881661275
4991.2038 1126.1531780450332
4992.1257 2117.5924555317624
4992.6372 4355.084163923
4993.7488 13616.09425111685
4994.1058 3794.4242124801167
4996.5333 2578.410080464085
4997.8189 2445.818772453448
4999.2386 2158.0589026060375
5000.2463 5789.5184987186985
5002.0972 242060.2395535398
5002.8933 3116.9741161940183
5003.5981 13666.761953059246
5005.9752 4118.114793599144
5008.1897 3411.5074660696587
5009.3344 2619561.8839869886
5009.9367 8993.969268166202
5010.4174 7050.366497364245
5011.4774 9021.224719814818
5012.2754 3392.4659046071088
5013.1647 3546.1308468378943
5014.448 4404.21354292956
5015.8893 8847.841437495426
5016.5356 10933.068064060068
5017.1628 4296391.350617439
5018.0535 16158.733571375426
5019.8062 128832.10697918171
5020.5458 4151.929161600915
5021.2531 13035.032613739873
5022.0051 27519.85304845561
5023.7084 13064.406412681097
5026.9549 4415.747129955464
5028.6556 260817.3969652206
5029.0119 15145.406899532521
5029.8916 78550.29849780697
5034.2944 48031.221490231066
5035.3375 5342.293712432318
5036.7284 7667.606501059289
5038.3018 9136.62859946247
5039.2303 276571.64583426394
5039.5265 11970.97317736205
5041.5998 7929.579601263691
5039.2303 38363.81213272712
5041.5998 1726.7944897009545
5043.5145 2675.6898078514196
5044.7195 101446.21021757656
5045.2481 16347.067598950709
5046.3527 4648.2316772145405
5047.0434 38731.1763292021
5047.4283 6820.248469872786
5049.796 30168.67541779956
5050.7842 48146.10123549469
5051.3427 1110.2885746197978
5051.8887 21391.945164772256
5052.5853 1552.5393137041924
5057.9866 17585.641962961585
5058.3611 19570.94958406785
5061.2225 5927.797556107222
5061.6562 32439.557398588833
5062.0371 2744883.6338006463
5062.9325 21885.05813133348
5063.5157 24186.44251461882
5063.9988 30989.410856329705
5064.602 145909.2397929053
5064.9454 232595.79602221627
5066.1355 31226.74885522704
5066.7773 29125.35605205063
5067.1379 17636.205449514215
5067.9737 708105.6492775603
5068.8293 8880.217098305478
5069.3384 16696.708911988833
5072.6288 4252.670686071054
5074.6465 7954.336693355189
5075.4659 6044.770292115191
5079.1374 2396.425881225462
5079.9079 5400.749045168153
5081.4462 73278.92397717928
5084.9935 24987.441407468184
5085.2955 2022.2941785695043
5085.8392 3961.323671798772
5086.1774 7482.843757513671
5089.2192 2427.5608442849575
5090.0513 21682.373248479642
5090.5455 1429305.316294549
5094.6897 4232.906388084696
5095.0639 16856.853131880718
5096.4848 112484.70598147558
5094.6897 988.662937194676
5095.0639 2915.6330002206932
5096.4848 21669.33263202194
5098.0432 1949.5182528060839
5100.6211 34207.73173487264
5101.1299 11192.667698443935
5106.6689 2099.7633030203947
5109.7331 4662.609642441915
5110.5528 4996.25707600687
5111.2781 18184.257272324918
5115.0448 264273.09568091505
5116.296 7946.433954747582
5117.2923 11997.532061920807
5118.2023 406882.2627800911
5122.4995 15666.278806597616
5124.246 4518.040805366538
5128.4897 36135.44301056274
5129.552 3820.305738447815
5130.2338 7231.9026587335065
5131.072 10117.686653436316
5131.9924 9302.23562473455
5133.1051 17668.973663001252
5134.746 63295.58207285364
5136.121 6661.478758957582
5137.4733 24138.91752553678
5139.4487 3950.40827689862
5140.7736 38864.273339536514
5141.265 6483.986539972314
5141.7827 3072841.5306342216
5143.2673 13712.442973270476
5143.9165 94037.57872597853
5145.3083 1757400.2275537923
5146.0557 15009.395965050751
5148.2115 10377.993152621213
5149.2069 15103.572597524611
5149.808 6517.951616005532
5150.7 5213.108833052021
5150.7 1095.1467944868991
5154.243 46702.815513336296
5154.8985 986.4468692534415
5157.4257 2350.8907809087927
5158.6041 242921.25594645782
5161.5396 23035.353768793135
5162.2846 1835990.3551678078
5163.4584 78916.81240874963
5164.4014 5269.187689099225
5165.7728 205125.15519626127
5166.6553 4906.43048511199
5168.5866 7132.968394787582
5168.9225 10369.507469440407
5170.2227 2826.671082077255
5172.4786 3601.2340377040487
5173.6715 17122.431537068613
5174.3699 8001.9476104341
5174.7988 7634.403059720095
5175.3248 32393.24570332911
5176.2292 255356.85382452732
5176.961 176112.65543167526
5178.48 12665.603923744231
5180.7209 9306.454398870123
5182.5269 5359.422066070827
5183.0897 19127.28090114982
5183.6044 3014.0473976487897
5183.9896 8573.605080904621
5184.4534 19913.086360639838
5185.2042 8442.948840868627
5186.4132 23938.55532168594
5187.3374 54320.68835979534
5187.7462 4178899.8906149557
5188.3656 8622.275800856341
5189.6772 4039.6892815177143
5190.872 9232.211712403547
5194.4576 60171.03578601147
5195.8136 208381.77556650108
5197.236 16239.345617485587
5198.7999 109534.40385651034
5199.1637 515005.13570964546
5203.8479 15281.64277072924
5205.1522 33576.06543494603
5205.7787 41378.64449397887
5206.4956 7719.100960552312
5206.7995 8121.997141245915
5207.8015 12112.526770790038
5209.7246 61103.76447977263
5209.7246 10351.591129849268
5211.2305 75947.17666124174
5214.1613 1110.8502135526626
5216.8139 42162.37012432486
5218.5271 5255.501974724751
5219.1099 54244.717502645886
5220.3085 2582.3905077115037
5220.7068 5131.27581829657
5221.271 1078625.8484553664
5222.2629 2747.553760433834
5224.1226 1424.1670930957964
5226.5254 2694.6777369197653
5228.2246 19329.08878078129
5228.9951 5344.803380472164
5231.1597 592450.4950528963
5233.2254 9566.199196907854
5234.1069 11169.017916039602
5237.9033 6965.879281606279
5238.8137 83136.00128472436
5239.552 82531.91347251007
5240.1968 13303.80438249972
5242.0892 16412.403133864504
5245.3781 84500.19580360582
5247.1968 16736.711826332914
5247.6547 49245.76228018819
5253.4441 7622.995799433854
5258.3602 454667.6537183525
5259.776 14893.515719187719
5260.1041 74791.80828231196
5261.472 20983.67364836338
5262.2369 1891.289837475823
5264.7824 127875.18905162475
5265.5514 2699.554384001239
5266.7103 223909.52476419194
5269.7927 9779.350101780004
5272.927 6877.87679550078
5274.1188 16524.95292590717
5276.4089 1222.3284992806248
5277.146 5743.817615348704
5277.5002 4690.884520629972
5281.0687 16806.864848475623
5281.6285 45325.492570641785
5282.3948 4971.082162729647
5286.887 103453.60132105582
5289.6226 3485.288609692333
5291.8163 23811.31613203758
5294.3971 28036.492467663713
5295.0886 5651.095820524631
5297.4075 5305.852871992669
5297.7431 72314.25513546745
5298.2824 43611.27931125967
5301.4043 4773.556969343364
5303.4833 13652.171990326466
5306.9864 15855.812581596863
5307.4655 9916.733123433765
5310.2665 10557.70379111164
5310.8662 2817.9450736593467
5312.0018 422140.276971881
5312.5288 158009.34507039114
5312.9045 91695.17599139168
5315.2278 68038.9341833148
5318.1104 7641.410743581415
5318.4268 3531.2501421196534
5320.0985 4506.36479038999
5320.7699 4693.073974108577
5322.8988 13671.295850180566
5323.4002 4004.746545370593
5325.1438 10399.267270598159
5325.4317 16371.177531429717
5326.2774 36932.24274252985
5326.9756 233956.9926889299
5329.7559 16847.030359073135
5331.7477 1223.877870904726
5333.3846 1860.3095926078909
5337.0154 4269.414037424778
5338.6405 1184.9750091854341
5339.8952 2433.390715100624
5340.4982 5360.891414309665
5343.5812 194907.11016112153
5345.3117 2663.5986795900985
5346.3778 2115.3081354964006
5348.3092 42417.57626474788
5349.0054 5310.491306328471
5351.1265 24283.311967137826
5354.6016 8584.350282479649
5355.6365 10237.118349851615
5360.1501 38754.10648705109
5361.1556 11710.864335434158
5362.5751 32577.853928523535
5363.6073 2615.306866464221
5365.4705 8437.910538384584
5366.7066 2688.283346147678
5369.2819 28843.890519630255
5370.7096 25073.986270504713
5371.1238 3438.2219339719345
5372.7027 20006.677473233518
5374.8219 91917.67921784472
5375.3526 9536.930943065241
5375.7688 6320.857073897861
5376.7809 28221.171108033344
5378.8356 68743.91371430461
5379.1105 109380.69230443239
5381.3709 4529.897974130483
5382.9276 7738.591060696209
5384.0356 7135.285068150845
5386.6107 164276.23278841356
5388.0507 23531.194915812117
5392.5726 2019.2822642622273
5393.9719 47854.32074857035
5394.7608 36839.12635232068
5396.1127 1461.6151416222326
5397.516 45111.63074332005
5398.2047 2720.4582516525966
5398.7015 13723.791204171162
5400.1455 3576.198354662829
5402.6048 64133.68376997276
5403.1993 5684.073431610055
5407.3439 102642.28365153646
5415.5226 33885.770547646454
5417.4858 206336.01508464362
5419.1285 6180.23803669186
5421.3517 1112878.203884948
5422.9151 2372.159588888189
5424.0079 54823.86492337388
5424.7296 3841.0611662473293
5425.6783 15586.97808016147
5426.4075 13320.341278978129
5429.1048 5969.9199069301085
5431.112 120516.82037165808
5431.6053 3665.2499030180816
5432.765 5118.3506987427245
5434.1514 52005.55690445855
5435.1229 4141.905292659327
5435.8925 7955.379682965761
5437.3877 5583.806825833154
5438.1374 7008.25380389781
5439.9891 757356.0161174653
5440.6015 20477.450709769273
5447.1536 1242.513473832511
5448.2719 3729.184679302842
5451.652 2601590.252557468
5455.1524 1694.4310627531258
5460.7504 800.7757357627307
5461.7358 1682.781943951849
5462.3372 1755.1995684479307
5463.3214 2130.788170132391
5464.2055 25385.938316136308
5467.1704 81126.40410685624
5470.7591 13294.341653741492
5476.4856 1297.1488506787732
5477.5522 1983.3643342526323
5479.0751 7098.0883288419955
5480.8907 1526.9724910318876
5481.4813 1400.2177756366452
5481.9629 3498.1553182510447
5487.8414 2337.6132456855303
5488.6287 3704.436914503088
5489.0885 5589.765434956298
5490.1194 108259.03759096222
5492.6435 55819.19796644312
5494.3306 17718.57960954777
5495.8738 4214586.315619475
5498.1841 68706.89160854476
5499.2554 378620.09043746185
5499.6478 16915.45005784571
5501.2814 14041.364444329005
5501.9439 3290.940125487812
5504.3018 62586.60886830572
5506.1128 858546.4951227068
5506.9196 5076.9285350040855
5508.5585 9532.289135268094
5509.9938 65507.7120770114
5511.0608 2456.8420440807886
5512.7002 1019.4991116887245
5514.376 24946.632412991174
5514.8731 40873.0129731492
